59224.5,51499.4
58125.2,42936.9

58125.2,42936.9
59224.5,51499.4

74280.9,42726.4
81259.1,49859.2

81259.1,49859.2
74280.9,42726.4

82463.7,42443
81259.1,49859.2

81259.1,49859.2
82463.7,42443

82463.7,42443
74280.9,42726.4

74280.9,42726.4
82463.7,42443

51651.4,4750.67
43759.5,1002.38

43759.5,1002.38
51651.4,4750.67

31562.9,26899.9
42536,31263.4

42536,31263.4
31562.9,26899.9

78101.1,36523.9
81259.1,49859.2

81259.1,49859.2
78101.1,36523.9

78101.1,36523.9
74280.9,42726.4

74280.9,42726.4
78101.1,36523.9

78101.1,36523.9
82463.7,42443

82463.7,42443
78101.1,36523.9

57738.5,66111.4
59224.5,51499.4

59224.5,51499.4
57738.5,66111.4

57738.5,66111.4
62961.6,71991.6

62961.6,71991.6
57738.5,66111.4

93734.2,37947.7
82463.7,42443

82463.7,42443
93734.2,37947.7

24429.7,16400.9
31562.9,26899.9

31562.9,26899.9
24429.7,16400.9

44933.4,51198.4
59224.5,51499.4

59224.5,51499.4
44933.4,51198.4

44933.4,51198.4
41704.2,57905.4

41704.2,57905.4
44933.4,51198.4

13289.7,9842.38
24429.7,16400.9

24429.7,16400.9
13289.7,9842.38

93870.2,9434.99
84118.3,11633.2

84118.3,11633.2
93870.2,9434.99

93870.2,9434.99
99435.1,22977

99435.1,22977
93870.2,9434.99

35167.8,69471.4
41704.2,57905.4

41704.2,57905.4
35167.8,69471.4

40803.7,91446.3
53965.9,90212.8

53965.9,90212.8
40803.7,91446.3

33862.8,39785.4
42536,31263.4

42536,31263.4
33862.8,39785.4

33862.8,39785.4
31562.9,26899.9

31562.9,26899.9
33862.8,39785.4

82801.7,77648.9
72780,87225.8

72780,87225.8
82801.7,77648.9

37246.1,56207.6
41704.2,57905.4

41704.2,57905.4
37246.1,56207.6

37246.1,56207.6
44933.4,51198.4

44933.4,51198.4
37246.1,56207.6

37246.1,56207.6
35167.8,69471.4

35167.8,69471.4
37246.1,56207.6

45226.3,52240.9
59224.5,51499.4

59224.5,51499.4
45226.3,52240.9

45226.3,52240.9
41704.2,57905.4

41704.2,57905.4
45226.3,52240.9

45226.3,52240.9
44933.4,51198.4

44933.4,51198.4
45226.3,52240.9

45226.3,52240.9
37246.1,56207.6

37246.1,56207.6
45226.3,52240.9

20422.4,98314.1
25221.3,94003

25221.3,94003
20422.4,98314.1

88641.9,42168.1
81259.1,49859.2

81259.1,49859.2
88641.9,42168.1

88641.9,42168.1
74280.9,42726.4

74280.9,42726.4
88641.9,42168.1

88641.9,42168.1
82463.7,42443

82463.7,42443
88641.9,42168.1

88641.9,42168.1
78101.1,36523.9

78101.1,36523.9
88641.9,42168.1

88641.9,42168.1
93734.2,37947.7

93734.2,37947.7
88641.9,42168.1

73188,53067.7
81259.1,49859.2

81259.1,49859.2
73188,53067.7

73188,53067.7
59224.5,51499.4

59224.5,51499.4
73188,53067.7

73188,53067.7
74280.9,42726.4

74280.9,42726.4
73188,53067.7

73188,53067.7
82463.7,42443

82463.7,42443
73188,53067.7

38054.4,9733.37
43759.5,1002.38

43759.5,1002.38
38054.4,9733.37

38054.4,9733.37
51651.4,4750.67

51651.4,4750.67
38054.4,9733.37

65558.3,97889.3
53965.9,90212.8

53965.9,90212.8
65558.3,97889.3

65558.3,97889.3
72780,87225.8

72780,87225.8
65558.3,97889.3

31249.9,51526.3
41704.2,57905.4

41704.2,57905.4
31249.9,51526.3

31249.9,51526.3
44933.4,51198.4

44933.4,51198.4
31249.9,51526.3

31249.9,51526.3
33862.8,39785.4

33862.8,39785.4
31249.9,51526.3

31249.9,51526.3
37246.1,56207.6

37246.1,56207.6
31249.9,51526.3

31249.9,51526.3
45226.3,52240.9

45226.3,52240.9
31249.9,51526.3

19563.7,21617.2
31562.9,26899.9

31562.9,26899.9
19563.7,21617.2

19563.7,21617.2
24429.7,16400.9

24429.7,16400.9
19563.7,21617.2

19563.7,21617.2
13289.7,9842.38

13289.7,9842.38
19563.7,21617.2

49177.2,84317.4
53965.9,90212.8

53965.9,90212.8
49177.2,84317.4

49177.2,84317.4
40803.7,91446.3

40803.7,91446.3
49177.2,84317.4

24073.6,22269.5
31562.9,26899.9

31562.9,26899.9
24073.6,22269.5

24073.6,22269.5
24429.7,16400.9

24429.7,16400.9
24073.6,22269.5

24073.6,22269.5
19563.7,21617.2

19563.7,21617.2
24073.6,22269.5

90097.7,25183.6
84118.3,11633.2

84118.3,11633.2
90097.7,25183.6

90097.7,25183.6
99435.1,22977

99435.1,22977
90097.7,25183.6

90097.7,25183.6
93734.2,37947.7

93734.2,37947.7
90097.7,25183.6

95085.3,73956.8
82801.7,77648.9

82801.7,77648.9
95085.3,73956.8

45867.7,84436.4
53965.9,90212.8

53965.9,90212.8
45867.7,84436.4

45867.7,84436.4
40803.7,91446.3

40803.7,91446.3
45867.7,84436.4

45867.7,84436.4
49177.2,84317.4

49177.2,84317.4
45867.7,84436.4

64842.7,97967.7
53965.9,90212.8

53965.9,90212.8
64842.7,97967.7

64842.7,97967.7
72780,87225.8

72780,87225.8
64842.7,97967.7

64842.7,97967.7
65558.3,97889.3

65558.3,97889.3
64842.7,97967.7

26788.6,87145.6
40803.7,91446.3

40803.7,91446.3
26788.6,87145.6

26788.6,87145.6
25221.3,94003

25221.3,94003
26788.6,87145.6

26788.6,87145.6
20422.4,98314.1

20422.4,98314.1
26788.6,87145.6

88912.5,27471.8
99435.1,22977

99435.1,22977
88912.5,27471.8

88912.5,27471.8
78101.1,36523.9

78101.1,36523.9
88912.5,27471.8

88912.5,27471.8
93734.2,37947.7

93734.2,37947.7
88912.5,27471.8

88912.5,27471.8
88641.9,42168.1

88641.9,42168.1
88912.5,27471.8

88912.5,27471.8
90097.7,25183.6

90097.7,25183.6
88912.5,27471.8

84371.5,15562.2
84118.3,11633.2

84118.3,11633.2
84371.5,15562.2

84371.5,15562.2
93870.2,9434.99

93870.2,9434.99
84371.5,15562.2

84371.5,15562.2
90097.7,25183.6

90097.7,25183.6
84371.5,15562.2

84371.5,15562.2
88912.5,27471.8

88912.5,27471.8
84371.5,15562.2

48016.8,49760
58125.2,42936.9

58125.2,42936.9
48016.8,49760

48016.8,49760
59224.5,51499.4

59224.5,51499.4
48016.8,49760

48016.8,49760
41704.2,57905.4

41704.2,57905.4
48016.8,49760

48016.8,49760
44933.4,51198.4

44933.4,51198.4
48016.8,49760

48016.8,49760
37246.1,56207.6

37246.1,56207.6
48016.8,49760

48016.8,49760
45226.3,52240.9

45226.3,52240.9
48016.8,49760

18671.5,75094.3
26788.6,87145.6

26788.6,87145.6
18671.5,75094.3

74338.9,99475.6
72780,87225.8

72780,87225.8
74338.9,99475.6

74338.9,99475.6
65558.3,97889.3

65558.3,97889.3
74338.9,99475.6

74338.9,99475.6
64842.7,97967.7

64842.7,97967.7
74338.9,99475.6

15962.9,91351.7
25221.3,94003

25221.3,94003
15962.9,91351.7

15962.9,91351.7
20422.4,98314.1

20422.4,98314.1
15962.9,91351.7

15962.9,91351.7
26788.6,87145.6

26788.6,87145.6
15962.9,91351.7

32448.3,80856
35167.8,69471.4

35167.8,69471.4
32448.3,80856

32448.3,80856
40803.7,91446.3

40803.7,91446.3
32448.3,80856

32448.3,80856
45867.7,84436.4

45867.7,84436.4
32448.3,80856

32448.3,80856
26788.6,87145.6

26788.6,87145.6
32448.3,80856

32448.3,80856
18671.5,75094.3

18671.5,75094.3
32448.3,80856

74013.5,35902.2
74280.9,42726.4

74280.9,42726.4
74013.5,35902.2

74013.5,35902.2
82463.7,42443

82463.7,42443
74013.5,35902.2

74013.5,35902.2
78101.1,36523.9

78101.1,36523.9
74013.5,35902.2

54043,32362.2
58125.2,42936.9

58125.2,42936.9
54043,32362.2

54043,32362.2
42536,31263.4

42536,31263.4
54043,32362.2

18924.1,78420.4
26788.6,87145.6

26788.6,87145.6
18924.1,78420.4

18924.1,78420.4
18671.5,75094.3

18671.5,75094.3
18924.1,78420.4

18924.1,78420.4
15962.9,91351.7

15962.9,91351.7
18924.1,78420.4

18924.1,78420.4
32448.3,80856

32448.3,80856
18924.1,78420.4

79256.5,24787.8
84118.3,11633.2

84118.3,11633.2
79256.5,24787.8

79256.5,24787.8
78101.1,36523.9

78101.1,36523.9
79256.5,24787.8

79256.5,24787.8
90097.7,25183.6

90097.7,25183.6
79256.5,24787.8

79256.5,24787.8
88912.5,27471.8

88912.5,27471.8
79256.5,24787.8

79256.5,24787.8
84371.5,15562.2

84371.5,15562.2
79256.5,24787.8

79256.5,24787.8
74013.5,35902.2

74013.5,35902.2
79256.5,24787.8

68678.8,64653.2
62961.6,71991.6

62961.6,71991.6
68678.8,64653.2

68678.8,64653.2
57738.5,66111.4

57738.5,66111.4
68678.8,64653.2

68678.8,64653.2
73188,53067.7

73188,53067.7
68678.8,64653.2

55331.2,33865
58125.2,42936.9

58125.2,42936.9
55331.2,33865

55331.2,33865
42536,31263.4

42536,31263.4
55331.2,33865

55331.2,33865
54043,32362.2

54043,32362.2
55331.2,33865

80554.1,72803.8
82801.7,77648.9

82801.7,77648.9
80554.1,72803.8

80554.1,72803.8
95085.3,73956.8

95085.3,73956.8
80554.1,72803.8

80554.1,72803.8
68678.8,64653.2

68678.8,64653.2
80554.1,72803.8

28956.6,43648.2
33862.8,39785.4

33862.8,39785.4
28956.6,43648.2

28956.6,43648.2
31249.9,51526.3

31249.9,51526.3
28956.6,43648.2

89931,61650.5
81259.1,49859.2

81259.1,49859.2
89931,61650.5

89931,61650.5
95085.3,73956.8

95085.3,73956.8
89931,61650.5

89931,61650.5
80554.1,72803.8

80554.1,72803.8
89931,61650.5

80163.9,78828.9
72780,87225.8

72780,87225.8
80163.9,78828.9

80163.9,78828.9
82801.7,77648.9

82801.7,77648.9
80163.9,78828.9

80163.9,78828.9
80554.1,72803.8

80554.1,72803.8
80163.9,78828.9

66412.2,71157.5
62961.6,71991.6

62961.6,71991.6
66412.2,71157.5

66412.2,71157.5
57738.5,66111.4

57738.5,66111.4
66412.2,71157.5

66412.2,71157.5
68678.8,64653.2

68678.8,64653.2
66412.2,71157.5

66412.2,71157.5
80554.1,72803.8

80554.1,72803.8
66412.2,71157.5

73252,58959.6
81259.1,49859.2

81259.1,49859.2
73252,58959.6

73252,58959.6
73188,53067.7

73188,53067.7
73252,58959.6

73252,58959.6
68678.8,64653.2

68678.8,64653.2
73252,58959.6

73252,58959.6
66412.2,71157.5

66412.2,71157.5
73252,58959.6

98214.8,52684.7
88641.9,42168.1

88641.9,42168.1
98214.8,52684.7

98214.8,52684.7
89931,61650.5

89931,61650.5
98214.8,52684.7

62547.2,6455.04
51651.4,4750.67

51651.4,4750.67
62547.2,6455.04

45517.2,69759.2
41704.2,57905.4

41704.2,57905.4
45517.2,69759.2

45517.2,69759.2
57738.5,66111.4

57738.5,66111.4
45517.2,69759.2

45517.2,69759.2
35167.8,69471.4

35167.8,69471.4
45517.2,69759.2

45517.2,69759.2
45867.7,84436.4

45867.7,84436.4
45517.2,69759.2

98081.1,90272.9
99256,98260.5

99256,98260.5
98081.1,90272.9

15561.4,35713.1
19563.7,21617.2

19563.7,21617.2
15561.4,35713.1

15561.4,35713.1
6157.41,34214

6157.41,34214
15561.4,35713.1

4733.39,59745.3
16945.2,56054.1

16945.2,56054.1
4733.39,59745.3

94091.1,54916.8
81259.1,49859.2

81259.1,49859.2
94091.1,54916.8

94091.1,54916.8
88641.9,42168.1

88641.9,42168.1
94091.1,54916.8

94091.1,54916.8
89931,61650.5

89931,61650.5
94091.1,54916.8

94091.1,54916.8
98214.8,52684.7

98214.8,52684.7
94091.1,54916.8

40092.9,5801.67
43759.5,1002.38

43759.5,1002.38
40092.9,5801.67

40092.9,5801.67
51651.4,4750.67

51651.4,4750.67
40092.9,5801.67

40092.9,5801.67
38054.4,9733.37

38054.4,9733.37
40092.9,5801.67

43553.2,35102.7
42536,31263.4

42536,31263.4
43553.2,35102.7

43553.2,35102.7
31562.9,26899.9

31562.9,26899.9
43553.2,35102.7

43553.2,35102.7
33862.8,39785.4

33862.8,39785.4
43553.2,35102.7

43553.2,35102.7
54043,32362.2

54043,32362.2
43553.2,35102.7

43553.2,35102.7
55331.2,33865

55331.2,33865
43553.2,35102.7

64801,5411.39
51651.4,4750.67

51651.4,4750.67
64801,5411.39

64801,5411.39
62547.2,6455.04

62547.2,6455.04
64801,5411.39

19568.5,47748.9
31249.9,51526.3

31249.9,51526.3
19568.5,47748.9

19568.5,47748.9
16945.2,56054.1

16945.2,56054.1
19568.5,47748.9

19568.5,47748.9
28956.6,43648.2

28956.6,43648.2
19568.5,47748.9

19568.5,47748.9
15561.4,35713.1

15561.4,35713.1
19568.5,47748.9

49590.6,39326.1
58125.2,42936.9

58125.2,42936.9
49590.6,39326.1

49590.6,39326.1
42536,31263.4

42536,31263.4
49590.6,39326.1

49590.6,39326.1
44933.4,51198.4

44933.4,51198.4
49590.6,39326.1

49590.6,39326.1
45226.3,52240.9

45226.3,52240.9
49590.6,39326.1

49590.6,39326.1
48016.8,49760

48016.8,49760
49590.6,39326.1

49590.6,39326.1
54043,32362.2

54043,32362.2
49590.6,39326.1

49590.6,39326.1
55331.2,33865

55331.2,33865
49590.6,39326.1

49590.6,39326.1
43553.2,35102.7

43553.2,35102.7
49590.6,39326.1

50867,80010.9
62961.6,71991.6

62961.6,71991.6
50867,80010.9

50867,80010.9
53965.9,90212.8

53965.9,90212.8
50867,80010.9

50867,80010.9
49177.2,84317.4

49177.2,84317.4
50867,80010.9

50867,80010.9
45867.7,84436.4

45867.7,84436.4
50867,80010.9

50867,80010.9
45517.2,69759.2

45517.2,69759.2
50867,80010.9

40201.8,24613.6
42536,31263.4

42536,31263.4
40201.8,24613.6

40201.8,24613.6
31562.9,26899.9

31562.9,26899.9
40201.8,24613.6

40201.8,24613.6
43553.2,35102.7

43553.2,35102.7
40201.8,24613.6

4497.41,60428.4
16945.2,56054.1

16945.2,56054.1
4497.41,60428.4

4497.41,60428.4
4733.39,59745.3

4733.39,59745.3
4497.41,60428.4

5015.95,27418.5
6157.41,34214

6157.41,34214
5015.95,27418.5

5015.95,27418.5
15561.4,35713.1

15561.4,35713.1
5015.95,27418.5

79733.1,74365.1
72780,87225.8

72780,87225.8
79733.1,74365.1

79733.1,74365.1
82801.7,77648.9

82801.7,77648.9
79733.1,74365.1

79733.1,74365.1
68678.8,64653.2

68678.8,64653.2
79733.1,74365.1

79733.1,74365.1
80554.1,72803.8

80554.1,72803.8
79733.1,74365.1

79733.1,74365.1
80163.9,78828.9

80163.9,78828.9
79733.1,74365.1

79733.1,74365.1
66412.2,71157.5

66412.2,71157.5
79733.1,74365.1

71788.5,16679.9
84118.3,11633.2

84118.3,11633.2
71788.5,16679.9

71788.5,16679.9
84371.5,15562.2

84371.5,15562.2
71788.5,16679.9

71788.5,16679.9
79256.5,24787.8

79256.5,24787.8
71788.5,16679.9

71788.5,16679.9
62547.2,6455.04

62547.2,6455.04
71788.5,16679.9

71788.5,16679.9
64801,5411.39

64801,5411.39
71788.5,16679.9

96581.8,31577.6
99435.1,22977

99435.1,22977
96581.8,31577.6

96581.8,31577.6
93734.2,37947.7

93734.2,37947.7
96581.8,31577.6

96581.8,31577.6
88641.9,42168.1

88641.9,42168.1
96581.8,31577.6

96581.8,31577.6
90097.7,25183.6

90097.7,25183.6
96581.8,31577.6

96581.8,31577.6
88912.5,27471.8

88912.5,27471.8
96581.8,31577.6

29256.3,11490.2
24429.7,16400.9

24429.7,16400.9
29256.3,11490.2

29256.3,11490.2
38054.4,9733.37

38054.4,9733.37
29256.3,11490.2

29256.3,11490.2
19563.7,21617.2

19563.7,21617.2
29256.3,11490.2

29256.3,11490.2
24073.6,22269.5

24073.6,22269.5
29256.3,11490.2

29256.3,11490.2
40092.9,5801.67

40092.9,5801.67
29256.3,11490.2

10129,95341.1
20422.4,98314.1

20422.4,98314.1
10129,95341.1

10129,95341.1
15962.9,91351.7

15962.9,91351.7
10129,95341.1

36163.1,83262.4
35167.8,69471.4

35167.8,69471.4
36163.1,83262.4

36163.1,83262.4
40803.7,91446.3

40803.7,91446.3
36163.1,83262.4

36163.1,83262.4
49177.2,84317.4

49177.2,84317.4
36163.1,83262.4

36163.1,83262.4
45867.7,84436.4

45867.7,84436.4
36163.1,83262.4

36163.1,83262.4
26788.6,87145.6

26788.6,87145.6
36163.1,83262.4

36163.1,83262.4
32448.3,80856

32448.3,80856
36163.1,83262.4

1049.96,65286.6
4733.39,59745.3

4733.39,59745.3
1049.96,65286.6

1049.96,65286.6
4497.41,60428.4

4497.41,60428.4
1049.96,65286.6

10343,51942.8
16945.2,56054.1

16945.2,56054.1
10343,51942.8

10343,51942.8
4733.39,59745.3

4733.39,59745.3
10343,51942.8

10343,51942.8
19568.5,47748.9

19568.5,47748.9
10343,51942.8

10343,51942.8
4497.41,60428.4

4497.41,60428.4
10343,51942.8

8850.16,88273.4
15962.9,91351.7

15962.9,91351.7
8850.16,88273.4

8850.16,88273.4
18924.1,78420.4

18924.1,78420.4
8850.16,88273.4

8850.16,88273.4
10129,95341.1

10129,95341.1
8850.16,88273.4

42249.2,6048.98
43759.5,1002.38

43759.5,1002.38
42249.2,6048.98

42249.2,6048.98
51651.4,4750.67

51651.4,4750.67
42249.2,6048.98

42249.2,6048.98
38054.4,9733.37

38054.4,9733.37
42249.2,6048.98

42249.2,6048.98
40092.9,5801.67

40092.9,5801.67
42249.2,6048.98

42249.2,6048.98
29256.3,11490.2

29256.3,11490.2
42249.2,6048.98

40310.5,7467.97
43759.5,1002.38

43759.5,1002.38
40310.5,7467.97

40310.5,7467.97
51651.4,4750.67

51651.4,4750.67
40310.5,7467.97

40310.5,7467.97
38054.4,9733.37

38054.4,9733.37
40310.5,7467.97

40310.5,7467.97
40092.9,5801.67

40092.9,5801.67
40310.5,7467.97

40310.5,7467.97
29256.3,11490.2

29256.3,11490.2
40310.5,7467.97

40310.5,7467.97
42249.2,6048.98

42249.2,6048.98
40310.5,7467.97

83086.8,29650.8
82463.7,42443

82463.7,42443
83086.8,29650.8

83086.8,29650.8
78101.1,36523.9

78101.1,36523.9
83086.8,29650.8

83086.8,29650.8
93734.2,37947.7

93734.2,37947.7
83086.8,29650.8

83086.8,29650.8
88641.9,42168.1

88641.9,42168.1
83086.8,29650.8

83086.8,29650.8
90097.7,25183.6

90097.7,25183.6
83086.8,29650.8

83086.8,29650.8
88912.5,27471.8

88912.5,27471.8
83086.8,29650.8

83086.8,29650.8
84371.5,15562.2

84371.5,15562.2
83086.8,29650.8

83086.8,29650.8
74013.5,35902.2

74013.5,35902.2
83086.8,29650.8

83086.8,29650.8
79256.5,24787.8

79256.5,24787.8
83086.8,29650.8

83086.8,29650.8
96581.8,31577.6

96581.8,31577.6
83086.8,29650.8

97485.8,71448.2
95085.3,73956.8

95085.3,73956.8
97485.8,71448.2

97485.8,71448.2
89931,61650.5

89931,61650.5
97485.8,71448.2

20602.8,79084.5
26788.6,87145.6

26788.6,87145.6
20602.8,79084.5

20602.8,79084.5
18671.5,75094.3

18671.5,75094.3
20602.8,79084.5

20602.8,79084.5
15962.9,91351.7

15962.9,91351.7
20602.8,79084.5

20602.8,79084.5
32448.3,80856

32448.3,80856
20602.8,79084.5

20602.8,79084.5
18924.1,78420.4

18924.1,78420.4
20602.8,79084.5

20602.8,79084.5
8850.16,88273.4

8850.16,88273.4
20602.8,79084.5

41611.7,20408.2
42536,31263.4

42536,31263.4
41611.7,20408.2

41611.7,20408.2
31562.9,26899.9

31562.9,26899.9
41611.7,20408.2

41611.7,20408.2
38054.4,9733.37

38054.4,9733.37
41611.7,20408.2

41611.7,20408.2
40092.9,5801.67

40092.9,5801.67
41611.7,20408.2

41611.7,20408.2
43553.2,35102.7

43553.2,35102.7
41611.7,20408.2

41611.7,20408.2
40201.8,24613.6

40201.8,24613.6
41611.7,20408.2

41611.7,20408.2
42249.2,6048.98

42249.2,6048.98
41611.7,20408.2

41611.7,20408.2
40310.5,7467.97

40310.5,7467.97
41611.7,20408.2

53420.4,53919.9
58125.2,42936.9

58125.2,42936.9
53420.4,53919.9

53420.4,53919.9
59224.5,51499.4

59224.5,51499.4
53420.4,53919.9

53420.4,53919.9
41704.2,57905.4

41704.2,57905.4
53420.4,53919.9

53420.4,53919.9
57738.5,66111.4

57738.5,66111.4
53420.4,53919.9

53420.4,53919.9
44933.4,51198.4

44933.4,51198.4
53420.4,53919.9

53420.4,53919.9
45226.3,52240.9

45226.3,52240.9
53420.4,53919.9

53420.4,53919.9
48016.8,49760

48016.8,49760
53420.4,53919.9

16824.9,71163.4
18671.5,75094.3

18671.5,75094.3
16824.9,71163.4

16824.9,71163.4
18924.1,78420.4

18924.1,78420.4
16824.9,71163.4

16824.9,71163.4
20602.8,79084.5

20602.8,79084.5
16824.9,71163.4

95268.2,80953.7
82801.7,77648.9

82801.7,77648.9
95268.2,80953.7

95268.2,80953.7
95085.3,73956.8

95085.3,73956.8
95268.2,80953.7

95268.2,80953.7
98081.1,90272.9

98081.1,90272.9
95268.2,80953.7

95268.2,80953.7
97485.8,71448.2

97485.8,71448.2
95268.2,80953.7

65888.6,22684.4
79256.5,24787.8

79256.5,24787.8
65888.6,22684.4

65888.6,22684.4
71788.5,16679.9

71788.5,16679.9
65888.6,22684.4

17364.6,40499.6
28956.6,43648.2

28956.6,43648.2
17364.6,40499.6

17364.6,40499.6
6157.41,34214

6157.41,34214
17364.6,40499.6

17364.6,40499.6
15561.4,35713.1

15561.4,35713.1
17364.6,40499.6

17364.6,40499.6
19568.5,47748.9

19568.5,47748.9
17364.6,40499.6

17364.6,40499.6
10343,51942.8

10343,51942.8
17364.6,40499.6

87998.6,68350.6
82801.7,77648.9

82801.7,77648.9
87998.6,68350.6

87998.6,68350.6
95085.3,73956.8

95085.3,73956.8
87998.6,68350.6

87998.6,68350.6
80554.1,72803.8

80554.1,72803.8
87998.6,68350.6

87998.6,68350.6
89931,61650.5

89931,61650.5
87998.6,68350.6

87998.6,68350.6
80163.9,78828.9

80163.9,78828.9
87998.6,68350.6

87998.6,68350.6
94091.1,54916.8

94091.1,54916.8
87998.6,68350.6

87998.6,68350.6
79733.1,74365.1

79733.1,74365.1
87998.6,68350.6

87998.6,68350.6
97485.8,71448.2

97485.8,71448.2
87998.6,68350.6

87998.6,68350.6
95268.2,80953.7

95268.2,80953.7
87998.6,68350.6

32724.4,47723.8
41704.2,57905.4

41704.2,57905.4
32724.4,47723.8

32724.4,47723.8
44933.4,51198.4

44933.4,51198.4
32724.4,47723.8

32724.4,47723.8
33862.8,39785.4

33862.8,39785.4
32724.4,47723.8

32724.4,47723.8
37246.1,56207.6

37246.1,56207.6
32724.4,47723.8

32724.4,47723.8
45226.3,52240.9

45226.3,52240.9
32724.4,47723.8

32724.4,47723.8
31249.9,51526.3

31249.9,51526.3
32724.4,47723.8

32724.4,47723.8
28956.6,43648.2

28956.6,43648.2
32724.4,47723.8

32724.4,47723.8
19568.5,47748.9

19568.5,47748.9
32724.4,47723.8

34142.9,37136.4
42536,31263.4

42536,31263.4
34142.9,37136.4

34142.9,37136.4
31562.9,26899.9

31562.9,26899.9
34142.9,37136.4

34142.9,37136.4
33862.8,39785.4

33862.8,39785.4
34142.9,37136.4

34142.9,37136.4
31249.9,51526.3

31249.9,51526.3
34142.9,37136.4

34142.9,37136.4
28956.6,43648.2

28956.6,43648.2
34142.9,37136.4

34142.9,37136.4
43553.2,35102.7

43553.2,35102.7
34142.9,37136.4

34142.9,37136.4
40201.8,24613.6

40201.8,24613.6
34142.9,37136.4

34142.9,37136.4
32724.4,47723.8

32724.4,47723.8
34142.9,37136.4

77169.8,96862
72780,87225.8

72780,87225.8
77169.8,96862

77169.8,96862
65558.3,97889.3

65558.3,97889.3
77169.8,96862

77169.8,96862
64842.7,97967.7

64842.7,97967.7
77169.8,96862

77169.8,96862
74338.9,99475.6

74338.9,99475.6
77169.8,96862

70659.6,15326.1
84118.3,11633.2

84118.3,11633.2
70659.6,15326.1

70659.6,15326.1
84371.5,15562.2

84371.5,15562.2
70659.6,15326.1

70659.6,15326.1
79256.5,24787.8

79256.5,24787.8
70659.6,15326.1

70659.6,15326.1
62547.2,6455.04

62547.2,6455.04
70659.6,15326.1

70659.6,15326.1
64801,5411.39

64801,5411.39
70659.6,15326.1

70659.6,15326.1
71788.5,16679.9

71788.5,16679.9
70659.6,15326.1

70659.6,15326.1
65888.6,22684.4

65888.6,22684.4
70659.6,15326.1

8540.54,67516.6
16945.2,56054.1

16945.2,56054.1
8540.54,67516.6

8540.54,67516.6
18671.5,75094.3

18671.5,75094.3
8540.54,67516.6

8540.54,67516.6
4733.39,59745.3

4733.39,59745.3
8540.54,67516.6

8540.54,67516.6
4497.41,60428.4

4497.41,60428.4
8540.54,67516.6

8540.54,67516.6
1049.96,65286.6

1049.96,65286.6
8540.54,67516.6

8540.54,67516.6
16824.9,71163.4

16824.9,71163.4
8540.54,67516.6

19031.6,24825.5
31562.9,26899.9

31562.9,26899.9
19031.6,24825.5

19031.6,24825.5
24429.7,16400.9

24429.7,16400.9
19031.6,24825.5

19031.6,24825.5
19563.7,21617.2

19563.7,21617.2
19031.6,24825.5

19031.6,24825.5
24073.6,22269.5

24073.6,22269.5
19031.6,24825.5

19031.6,24825.5
15561.4,35713.1

15561.4,35713.1
19031.6,24825.5

19031.6,24825.5
5015.95,27418.5

5015.95,27418.5
19031.6,24825.5

76162,76582.9
62961.6,71991.6

62961.6,71991.6
76162,76582.9

76162,76582.9
72780,87225.8

72780,87225.8
76162,76582.9

76162,76582.9
82801.7,77648.9

82801.7,77648.9
76162,76582.9

76162,76582.9
68678.8,64653.2

68678.8,64653.2
76162,76582.9

76162,76582.9
80554.1,72803.8

80554.1,72803.8
76162,76582.9

76162,76582.9
80163.9,78828.9

80163.9,78828.9
76162,76582.9

76162,76582.9
66412.2,71157.5

66412.2,71157.5
76162,76582.9

76162,76582.9
79733.1,74365.1

79733.1,74365.1
76162,76582.9

76162,76582.9
87998.6,68350.6

87998.6,68350.6
76162,76582.9

87037.9,11238.2
84118.3,11633.2

84118.3,11633.2
87037.9,11238.2

87037.9,11238.2
93870.2,9434.99

93870.2,9434.99
87037.9,11238.2

87037.9,11238.2
90097.7,25183.6

90097.7,25183.6
87037.9,11238.2

87037.9,11238.2
84371.5,15562.2

84371.5,15562.2
87037.9,11238.2

94267.5,84730.5
82801.7,77648.9

82801.7,77648.9
94267.5,84730.5

94267.5,84730.5
95085.3,73956.8

95085.3,73956.8
94267.5,84730.5

94267.5,84730.5
99256,98260.5

99256,98260.5
94267.5,84730.5

94267.5,84730.5
98081.1,90272.9

98081.1,90272.9
94267.5,84730.5

94267.5,84730.5
97485.8,71448.2

97485.8,71448.2
94267.5,84730.5

94267.5,84730.5
95268.2,80953.7

95268.2,80953.7
94267.5,84730.5

64772.6,3783.64
51651.4,4750.67

51651.4,4750.67
64772.6,3783.64

64772.6,3783.64
62547.2,6455.04

62547.2,6455.04
64772.6,3783.64

64772.6,3783.64
64801,5411.39

64801,5411.39
64772.6,3783.64

64772.6,3783.64
71788.5,16679.9

71788.5,16679.9
64772.6,3783.64

64772.6,3783.64
70659.6,15326.1

70659.6,15326.1
64772.6,3783.64

25037.4,38492.6
31562.9,26899.9

31562.9,26899.9
25037.4,38492.6

25037.4,38492.6
33862.8,39785.4

33862.8,39785.4
25037.4,38492.6

25037.4,38492.6
31249.9,51526.3

31249.9,51526.3
25037.4,38492.6

25037.4,38492.6
28956.6,43648.2

28956.6,43648.2
25037.4,38492.6

25037.4,38492.6
15561.4,35713.1

15561.4,35713.1
25037.4,38492.6

25037.4,38492.6
19568.5,47748.9

19568.5,47748.9
25037.4,38492.6

25037.4,38492.6
17364.6,40499.6

17364.6,40499.6
25037.4,38492.6

25037.4,38492.6
32724.4,47723.8

32724.4,47723.8
25037.4,38492.6

25037.4,38492.6
34142.9,37136.4

34142.9,37136.4
25037.4,38492.6

25037.4,38492.6
19031.6,24825.5

19031.6,24825.5
25037.4,38492.6

31963.5,33830.9
42536,31263.4

42536,31263.4
31963.5,33830.9

31963.5,33830.9
31562.9,26899.9

31562.9,26899.9
31963.5,33830.9

31963.5,33830.9
33862.8,39785.4

33862.8,39785.4
31963.5,33830.9

31963.5,33830.9
24073.6,22269.5

24073.6,22269.5
31963.5,33830.9

31963.5,33830.9
28956.6,43648.2

28956.6,43648.2
31963.5,33830.9

31963.5,33830.9
43553.2,35102.7

43553.2,35102.7
31963.5,33830.9

31963.5,33830.9
40201.8,24613.6

40201.8,24613.6
31963.5,33830.9

31963.5,33830.9
32724.4,47723.8

32724.4,47723.8
31963.5,33830.9

31963.5,33830.9
34142.9,37136.4

34142.9,37136.4
31963.5,33830.9

31963.5,33830.9
25037.4,38492.6

25037.4,38492.6
31963.5,33830.9

22624.1,5028.63
24429.7,16400.9

24429.7,16400.9
22624.1,5028.63

22624.1,5028.63
13289.7,9842.38

13289.7,9842.38
22624.1,5028.63

22624.1,5028.63
29256.3,11490.2

29256.3,11490.2
22624.1,5028.63

97029.4,57806.1
89931,61650.5

89931,61650.5
97029.4,57806.1

97029.4,57806.1
98214.8,52684.7

98214.8,52684.7
97029.4,57806.1

97029.4,57806.1
94091.1,54916.8

94091.1,54916.8
97029.4,57806.1

97029.4,57806.1
97485.8,71448.2

97485.8,71448.2
97029.4,57806.1

97029.4,57806.1
87998.6,68350.6

87998.6,68350.6
97029.4,57806.1

28402.8,29583
42536,31263.4

42536,31263.4
28402.8,29583

28402.8,29583
31562.9,26899.9

31562.9,26899.9
28402.8,29583

28402.8,29583
24429.7,16400.9

24429.7,16400.9
28402.8,29583

28402.8,29583
33862.8,39785.4

33862.8,39785.4
28402.8,29583

28402.8,29583
19563.7,21617.2

19563.7,21617.2
28402.8,29583

28402.8,29583
24073.6,22269.5

24073.6,22269.5
28402.8,29583

28402.8,29583
28956.6,43648.2

28956.6,43648.2
28402.8,29583

28402.8,29583
15561.4,35713.1

15561.4,35713.1
28402.8,29583

28402.8,29583
40201.8,24613.6

40201.8,24613.6
28402.8,29583

28402.8,29583
34142.9,37136.4

34142.9,37136.4
28402.8,29583

28402.8,29583
19031.6,24825.5

19031.6,24825.5
28402.8,29583

28402.8,29583
25037.4,38492.6

25037.4,38492.6
28402.8,29583

28402.8,29583
31963.5,33830.9

31963.5,33830.9
28402.8,29583

23547,55743
37246.1,56207.6

37246.1,56207.6
23547,55743

23547,55743
31249.9,51526.3

31249.9,51526.3
23547,55743

23547,55743
16945.2,56054.1

16945.2,56054.1
23547,55743

23547,55743
28956.6,43648.2

28956.6,43648.2
23547,55743

23547,55743
19568.5,47748.9

19568.5,47748.9
23547,55743

23547,55743
10343,51942.8

10343,51942.8
23547,55743

23547,55743
32724.4,47723.8

32724.4,47723.8
23547,55743

47728.8,74994.6
57738.5,66111.4

57738.5,66111.4
47728.8,74994.6

47728.8,74994.6
35167.8,69471.4

35167.8,69471.4
47728.8,74994.6

47728.8,74994.6
49177.2,84317.4

49177.2,84317.4
47728.8,74994.6

47728.8,74994.6
45867.7,84436.4

45867.7,84436.4
47728.8,74994.6

47728.8,74994.6
45517.2,69759.2

45517.2,69759.2
47728.8,74994.6

47728.8,74994.6
50867,80010.9

50867,80010.9
47728.8,74994.6

47728.8,74994.6
36163.1,83262.4

36163.1,83262.4
47728.8,74994.6

95955.2,27168.9
99435.1,22977

99435.1,22977
95955.2,27168.9

95955.2,27168.9
93734.2,37947.7

93734.2,37947.7
95955.2,27168.9

95955.2,27168.9
90097.7,25183.6

90097.7,25183.6
95955.2,27168.9

95955.2,27168.9
88912.5,27471.8

88912.5,27471.8
95955.2,27168.9

95955.2,27168.9
96581.8,31577.6

96581.8,31577.6
95955.2,27168.9

95955.2,27168.9
83086.8,29650.8

83086.8,29650.8
95955.2,27168.9

40269.2,15110.2
43759.5,1002.38

43759.5,1002.38
40269.2,15110.2

40269.2,15110.2
31562.9,26899.9

31562.9,26899.9
40269.2,15110.2

40269.2,15110.2
38054.4,9733.37

38054.4,9733.37
40269.2,15110.2

40269.2,15110.2
40092.9,5801.67

40092.9,5801.67
40269.2,15110.2

40269.2,15110.2
40201.8,24613.6

40201.8,24613.6
40269.2,15110.2

40269.2,15110.2
29256.3,11490.2

29256.3,11490.2
40269.2,15110.2

40269.2,15110.2
42249.2,6048.98

42249.2,6048.98
40269.2,15110.2

40269.2,15110.2
40310.5,7467.97

40310.5,7467.97
40269.2,15110.2

40269.2,15110.2
41611.7,20408.2

41611.7,20408.2
40269.2,15110.2

17215,30142.3
31562.9,26899.9

31562.9,26899.9
17215,30142.3

17215,30142.3
19563.7,21617.2

19563.7,21617.2
17215,30142.3

17215,30142.3
24073.6,22269.5

24073.6,22269.5
17215,30142.3

17215,30142.3
6157.41,34214

6157.41,34214
17215,30142.3

17215,30142.3
15561.4,35713.1

15561.4,35713.1
17215,30142.3

17215,30142.3
5015.95,27418.5

5015.95,27418.5
17215,30142.3

17215,30142.3
17364.6,40499.6

17364.6,40499.6
17215,30142.3

17215,30142.3
19031.6,24825.5

19031.6,24825.5
17215,30142.3

17215,30142.3
25037.4,38492.6

25037.4,38492.6
17215,30142.3

17215,30142.3
28402.8,29583

28402.8,29583
17215,30142.3

2904.47,472.204
13289.7,9842.38

13289.7,9842.38
2904.47,472.204

49383.6,80060.9
53965.9,90212.8

53965.9,90212.8
49383.6,80060.9

49383.6,80060.9
40803.7,91446.3

40803.7,91446.3
49383.6,80060.9

49383.6,80060.9
49177.2,84317.4

49177.2,84317.4
49383.6,80060.9

49383.6,80060.9
45867.7,84436.4

45867.7,84436.4
49383.6,80060.9

49383.6,80060.9
45517.2,69759.2

45517.2,69759.2
49383.6,80060.9

49383.6,80060.9
50867,80010.9

50867,80010.9
49383.6,80060.9

49383.6,80060.9
36163.1,83262.4

36163.1,83262.4
49383.6,80060.9

49383.6,80060.9
47728.8,74994.6

47728.8,74994.6
49383.6,80060.9

69637.8,45512.5
81259.1,49859.2

81259.1,49859.2
69637.8,45512.5

69637.8,45512.5
58125.2,42936.9

58125.2,42936.9
69637.8,45512.5

69637.8,45512.5
59224.5,51499.4

59224.5,51499.4
69637.8,45512.5

69637.8,45512.5
74280.9,42726.4

74280.9,42726.4
69637.8,45512.5

69637.8,45512.5
82463.7,42443

82463.7,42443
69637.8,45512.5

69637.8,45512.5
78101.1,36523.9

78101.1,36523.9
69637.8,45512.5

69637.8,45512.5
73188,53067.7

73188,53067.7
69637.8,45512.5

69637.8,45512.5
74013.5,35902.2

74013.5,35902.2
69637.8,45512.5

69637.8,45512.5
73252,58959.6

73252,58959.6
69637.8,45512.5

78311.9,39399.4
81259.1,49859.2

81259.1,49859.2
78311.9,39399.4

78311.9,39399.4
74280.9,42726.4

74280.9,42726.4
78311.9,39399.4

78311.9,39399.4
82463.7,42443

82463.7,42443
78311.9,39399.4

78311.9,39399.4
78101.1,36523.9

78101.1,36523.9
78311.9,39399.4

78311.9,39399.4
88641.9,42168.1

88641.9,42168.1
78311.9,39399.4

78311.9,39399.4
73188,53067.7

73188,53067.7
78311.9,39399.4

78311.9,39399.4
74013.5,35902.2

74013.5,35902.2
78311.9,39399.4

78311.9,39399.4
79256.5,24787.8

79256.5,24787.8
78311.9,39399.4

78311.9,39399.4
83086.8,29650.8

83086.8,29650.8
78311.9,39399.4

78311.9,39399.4
69637.8,45512.5

69637.8,45512.5
78311.9,39399.4

41429.3,28026.5
42536,31263.4

42536,31263.4
41429.3,28026.5

41429.3,28026.5
31562.9,26899.9

31562.9,26899.9
41429.3,28026.5

41429.3,28026.5
33862.8,39785.4

33862.8,39785.4
41429.3,28026.5

41429.3,28026.5
54043,32362.2

54043,32362.2
41429.3,28026.5

41429.3,28026.5
43553.2,35102.7

43553.2,35102.7
41429.3,28026.5

41429.3,28026.5
49590.6,39326.1

49590.6,39326.1
41429.3,28026.5

41429.3,28026.5
40201.8,24613.6

40201.8,24613.6
41429.3,28026.5

41429.3,28026.5
41611.7,20408.2

41611.7,20408.2
41429.3,28026.5

41429.3,28026.5
34142.9,37136.4

34142.9,37136.4
41429.3,28026.5

41429.3,28026.5
31963.5,33830.9

31963.5,33830.9
41429.3,28026.5

41429.3,28026.5
28402.8,29583

28402.8,29583
41429.3,28026.5

41429.3,28026.5
40269.2,15110.2

40269.2,15110.2
41429.3,28026.5

57243.1,13420.5
51651.4,4750.67

51651.4,4750.67
57243.1,13420.5

57243.1,13420.5
62547.2,6455.04

62547.2,6455.04
57243.1,13420.5

57243.1,13420.5
64801,5411.39

64801,5411.39
57243.1,13420.5

57243.1,13420.5
71788.5,16679.9

71788.5,16679.9
57243.1,13420.5

57243.1,13420.5
65888.6,22684.4

65888.6,22684.4
57243.1,13420.5

57243.1,13420.5
70659.6,15326.1

70659.6,15326.1
57243.1,13420.5

57243.1,13420.5
64772.6,3783.64

64772.6,3783.64
57243.1,13420.5

48698.5,77708.3
57738.5,66111.4

57738.5,66111.4
48698.5,77708.3

48698.5,77708.3
53965.9,90212.8

53965.9,90212.8
48698.5,77708.3

48698.5,77708.3
49177.2,84317.4

49177.2,84317.4
48698.5,77708.3

48698.5,77708.3
45867.7,84436.4

45867.7,84436.4
48698.5,77708.3

48698.5,77708.3
45517.2,69759.2

45517.2,69759.2
48698.5,77708.3

48698.5,77708.3
50867,80010.9

50867,80010.9
48698.5,77708.3

48698.5,77708.3
36163.1,83262.4

36163.1,83262.4
48698.5,77708.3

48698.5,77708.3
47728.8,74994.6

47728.8,74994.6
48698.5,77708.3

48698.5,77708.3
49383.6,80060.9

49383.6,80060.9
48698.5,77708.3

66509.4,22481.8
79256.5,24787.8

79256.5,24787.8
66509.4,22481.8

66509.4,22481.8
71788.5,16679.9

71788.5,16679.9
66509.4,22481.8

66509.4,22481.8
65888.6,22684.4

65888.6,22684.4
66509.4,22481.8

66509.4,22481.8
70659.6,15326.1

70659.6,15326.1
66509.4,22481.8

66509.4,22481.8
57243.1,13420.5

57243.1,13420.5
66509.4,22481.8

9415.19,7046.33
13289.7,9842.38

13289.7,9842.38
9415.19,7046.33

9415.19,7046.33
22624.1,5028.63

22624.1,5028.63
9415.19,7046.33

9415.19,7046.33
2904.47,472.204

2904.47,472.204
9415.19,7046.33

6807.02,80847.2
18671.5,75094.3

18671.5,75094.3
6807.02,80847.2

6807.02,80847.2
15962.9,91351.7

15962.9,91351.7
6807.02,80847.2

6807.02,80847.2
18924.1,78420.4

18924.1,78420.4
6807.02,80847.2

6807.02,80847.2
10129,95341.1

10129,95341.1
6807.02,80847.2

6807.02,80847.2
8850.16,88273.4

8850.16,88273.4
6807.02,80847.2

6807.02,80847.2
20602.8,79084.5

20602.8,79084.5
6807.02,80847.2

6807.02,80847.2
16824.9,71163.4

16824.9,71163.4
6807.02,80847.2

6807.02,80847.2
8540.54,67516.6

8540.54,67516.6
6807.02,80847.2

68924.9,3727.22
62547.2,6455.04

62547.2,6455.04
68924.9,3727.22

68924.9,3727.22
64801,5411.39

64801,5411.39
68924.9,3727.22

68924.9,3727.22
71788.5,16679.9

71788.5,16679.9
68924.9,3727.22

68924.9,3727.22
70659.6,15326.1

70659.6,15326.1
68924.9,3727.22

68924.9,3727.22
64772.6,3783.64

64772.6,3783.64
68924.9,3727.22

96847.4,99742.2
99256,98260.5

99256,98260.5
96847.4,99742.2

96847.4,99742.2
98081.1,90272.9

98081.1,90272.9
96847.4,99742.2

95434.1,24003.2
99435.1,22977

99435.1,22977
95434.1,24003.2

95434.1,24003.2
93734.2,37947.7

93734.2,37947.7
95434.1,24003.2

95434.1,24003.2
93870.2,9434.99

93870.2,9434.99
95434.1,24003.2

95434.1,24003.2
90097.7,25183.6

90097.7,25183.6
95434.1,24003.2

95434.1,24003.2
88912.5,27471.8

88912.5,27471.8
95434.1,24003.2

95434.1,24003.2
84371.5,15562.2

84371.5,15562.2
95434.1,24003.2

95434.1,24003.2
96581.8,31577.6

96581.8,31577.6
95434.1,24003.2

95434.1,24003.2
83086.8,29650.8

83086.8,29650.8
95434.1,24003.2

95434.1,24003.2
95955.2,27168.9

95955.2,27168.9
95434.1,24003.2

14804.8,25870.9
24429.7,16400.9

24429.7,16400.9
14804.8,25870.9

14804.8,25870.9
19563.7,21617.2

19563.7,21617.2
14804.8,25870.9

14804.8,25870.9
24073.6,22269.5

24073.6,22269.5
14804.8,25870.9

14804.8,25870.9
6157.41,34214

6157.41,34214
14804.8,25870.9

14804.8,25870.9
15561.4,35713.1

15561.4,35713.1
14804.8,25870.9

14804.8,25870.9
5015.95,27418.5

5015.95,27418.5
14804.8,25870.9

14804.8,25870.9
17364.6,40499.6

17364.6,40499.6
14804.8,25870.9

14804.8,25870.9
19031.6,24825.5

19031.6,24825.5
14804.8,25870.9

14804.8,25870.9
28402.8,29583

28402.8,29583
14804.8,25870.9

14804.8,25870.9
17215,30142.3

17215,30142.3
14804.8,25870.9

54290,19360.7
51651.4,4750.67

51651.4,4750.67
54290,19360.7

54290,19360.7
54043,32362.2

54043,32362.2
54290,19360.7

54290,19360.7
55331.2,33865

55331.2,33865
54290,19360.7

54290,19360.7
41611.7,20408.2

41611.7,20408.2
54290,19360.7

54290,19360.7
65888.6,22684.4

65888.6,22684.4
54290,19360.7

54290,19360.7
40269.2,15110.2

40269.2,15110.2
54290,19360.7

54290,19360.7
57243.1,13420.5

57243.1,13420.5
54290,19360.7

54290,19360.7
66509.4,22481.8

66509.4,22481.8
54290,19360.7

18450.5,6013.82
24429.7,16400.9

24429.7,16400.9
18450.5,6013.82

18450.5,6013.82
13289.7,9842.38

13289.7,9842.38
18450.5,6013.82

18450.5,6013.82
29256.3,11490.2

29256.3,11490.2
18450.5,6013.82

18450.5,6013.82
22624.1,5028.63

22624.1,5028.63
18450.5,6013.82

18450.5,6013.82
9415.19,7046.33

9415.19,7046.33
18450.5,6013.82

24939.9,47792.3
33862.8,39785.4

33862.8,39785.4
24939.9,47792.3

24939.9,47792.3
37246.1,56207.6

37246.1,56207.6
24939.9,47792.3

24939.9,47792.3
31249.9,51526.3

31249.9,51526.3
24939.9,47792.3

24939.9,47792.3
16945.2,56054.1

16945.2,56054.1
24939.9,47792.3

24939.9,47792.3
28956.6,43648.2

28956.6,43648.2
24939.9,47792.3

24939.9,47792.3
19568.5,47748.9

19568.5,47748.9
24939.9,47792.3

24939.9,47792.3
17364.6,40499.6

17364.6,40499.6
24939.9,47792.3

24939.9,47792.3
32724.4,47723.8

32724.4,47723.8
24939.9,47792.3

24939.9,47792.3
34142.9,37136.4

34142.9,37136.4
24939.9,47792.3

24939.9,47792.3
25037.4,38492.6

25037.4,38492.6
24939.9,47792.3

24939.9,47792.3
23547,55743

23547,55743
24939.9,47792.3

97107,67433.9
95085.3,73956.8

95085.3,73956.8
97107,67433.9

97107,67433.9
89931,61650.5

89931,61650.5
97107,67433.9

97107,67433.9
98214.8,52684.7

98214.8,52684.7
97107,67433.9

97107,67433.9
94091.1,54916.8

94091.1,54916.8
97107,67433.9

97107,67433.9
97485.8,71448.2

97485.8,71448.2
97107,67433.9

97107,67433.9
95268.2,80953.7

95268.2,80953.7
97107,67433.9

97107,67433.9
87998.6,68350.6

87998.6,68350.6
97107,67433.9

97107,67433.9
97029.4,57806.1

97029.4,57806.1
97107,67433.9

43587.8,41675.9
58125.2,42936.9

58125.2,42936.9
43587.8,41675.9

43587.8,41675.9
42536,31263.4

42536,31263.4
43587.8,41675.9

43587.8,41675.9
44933.4,51198.4

44933.4,51198.4
43587.8,41675.9

43587.8,41675.9
33862.8,39785.4

33862.8,39785.4
43587.8,41675.9

43587.8,41675.9
45226.3,52240.9

45226.3,52240.9
43587.8,41675.9

43587.8,41675.9
48016.8,49760

48016.8,49760
43587.8,41675.9

43587.8,41675.9
54043,32362.2

54043,32362.2
43587.8,41675.9

43587.8,41675.9
55331.2,33865

55331.2,33865
43587.8,41675.9

43587.8,41675.9
28956.6,43648.2

28956.6,43648.2
43587.8,41675.9

43587.8,41675.9
43553.2,35102.7

43553.2,35102.7
43587.8,41675.9

43587.8,41675.9
49590.6,39326.1

49590.6,39326.1
43587.8,41675.9

43587.8,41675.9
32724.4,47723.8

32724.4,47723.8
43587.8,41675.9

43587.8,41675.9
34142.9,37136.4

34142.9,37136.4
43587.8,41675.9

43587.8,41675.9
31963.5,33830.9

31963.5,33830.9
43587.8,41675.9

43587.8,41675.9
41429.3,28026.5

41429.3,28026.5
43587.8,41675.9

1311.58,59475.2
4733.39,59745.3

4733.39,59745.3
1311.58,59475.2

1311.58,59475.2
4497.41,60428.4

4497.41,60428.4
1311.58,59475.2

1311.58,59475.2
1049.96,65286.6

1049.96,65286.6
1311.58,59475.2

1311.58,59475.2
10343,51942.8

10343,51942.8
1311.58,59475.2

1311.58,59475.2
8540.54,67516.6

8540.54,67516.6
1311.58,59475.2

54335.1,86400.1
53965.9,90212.8

53965.9,90212.8
54335.1,86400.1

54335.1,86400.1
40803.7,91446.3

40803.7,91446.3
54335.1,86400.1

54335.1,86400.1
49177.2,84317.4

49177.2,84317.4
54335.1,86400.1

54335.1,86400.1
45867.7,84436.4

45867.7,84436.4
54335.1,86400.1

54335.1,86400.1
50867,80010.9

50867,80010.9
54335.1,86400.1

54335.1,86400.1
47728.8,74994.6

47728.8,74994.6
54335.1,86400.1

54335.1,86400.1
49383.6,80060.9

49383.6,80060.9
54335.1,86400.1

54335.1,86400.1
48698.5,77708.3

48698.5,77708.3
54335.1,86400.1

9661.22,74972.3
18671.5,75094.3

18671.5,75094.3
9661.22,74972.3

9661.22,74972.3
18924.1,78420.4

18924.1,78420.4
9661.22,74972.3

9661.22,74972.3
1049.96,65286.6

1049.96,65286.6
9661.22,74972.3

9661.22,74972.3
8850.16,88273.4

8850.16,88273.4
9661.22,74972.3

9661.22,74972.3
20602.8,79084.5

20602.8,79084.5
9661.22,74972.3

9661.22,74972.3
16824.9,71163.4

16824.9,71163.4
9661.22,74972.3

9661.22,74972.3
8540.54,67516.6

8540.54,67516.6
9661.22,74972.3

9661.22,74972.3
6807.02,80847.2

6807.02,80847.2
9661.22,74972.3

62839.2,94242.5
53965.9,90212.8

53965.9,90212.8
62839.2,94242.5

62839.2,94242.5
72780,87225.8

72780,87225.8
62839.2,94242.5

62839.2,94242.5
65558.3,97889.3

65558.3,97889.3
62839.2,94242.5

62839.2,94242.5
64842.7,97967.7

64842.7,97967.7
62839.2,94242.5

62839.2,94242.5
74338.9,99475.6

74338.9,99475.6
62839.2,94242.5

62839.2,94242.5
77169.8,96862

77169.8,96862
62839.2,94242.5

62839.2,94242.5
54335.1,86400.1

54335.1,86400.1
62839.2,94242.5

9797.49,73552.2
18671.5,75094.3

18671.5,75094.3
9797.49,73552.2

9797.49,73552.2
18924.1,78420.4

18924.1,78420.4
9797.49,73552.2

9797.49,73552.2
4733.39,59745.3

4733.39,59745.3
9797.49,73552.2

9797.49,73552.2
4497.41,60428.4

4497.41,60428.4
9797.49,73552.2

9797.49,73552.2
1049.96,65286.6

1049.96,65286.6
9797.49,73552.2

9797.49,73552.2
8850.16,88273.4

8850.16,88273.4
9797.49,73552.2

9797.49,73552.2
20602.8,79084.5

20602.8,79084.5
9797.49,73552.2

9797.49,73552.2
16824.9,71163.4

16824.9,71163.4
9797.49,73552.2

9797.49,73552.2
8540.54,67516.6

8540.54,67516.6
9797.49,73552.2

9797.49,73552.2
6807.02,80847.2

6807.02,80847.2
9797.49,73552.2

9797.49,73552.2
9661.22,74972.3

9661.22,74972.3
9797.49,73552.2

62463.3,2732.79
51651.4,4750.67

51651.4,4750.67
62463.3,2732.79

62463.3,2732.79
62547.2,6455.04

62547.2,6455.04
62463.3,2732.79

62463.3,2732.79
64801,5411.39

64801,5411.39
62463.3,2732.79

62463.3,2732.79
64772.6,3783.64

64772.6,3783.64
62463.3,2732.79

62463.3,2732.79
57243.1,13420.5

57243.1,13420.5
62463.3,2732.79

62463.3,2732.79
68924.9,3727.22

68924.9,3727.22
62463.3,2732.79

34304.9,56864.4
41704.2,57905.4

41704.2,57905.4
34304.9,56864.4

34304.9,56864.4
44933.4,51198.4

44933.4,51198.4
34304.9,56864.4

34304.9,56864.4
35167.8,69471.4

35167.8,69471.4
34304.9,56864.4

34304.9,56864.4
37246.1,56207.6

37246.1,56207.6
34304.9,56864.4

34304.9,56864.4
45226.3,52240.9

45226.3,52240.9
34304.9,56864.4

34304.9,56864.4
31249.9,51526.3

31249.9,51526.3
34304.9,56864.4

34304.9,56864.4
28956.6,43648.2

28956.6,43648.2
34304.9,56864.4

34304.9,56864.4
32724.4,47723.8

32724.4,47723.8
34304.9,56864.4

34304.9,56864.4
23547,55743

23547,55743
34304.9,56864.4

34304.9,56864.4
24939.9,47792.3

24939.9,47792.3
34304.9,56864.4

9471.62,87450.4
15962.9,91351.7

15962.9,91351.7
9471.62,87450.4

9471.62,87450.4
18924.1,78420.4

18924.1,78420.4
9471.62,87450.4

9471.62,87450.4
10129,95341.1

10129,95341.1
9471.62,87450.4

9471.62,87450.4
8850.16,88273.4

8850.16,88273.4
9471.62,87450.4

9471.62,87450.4
20602.8,79084.5

20602.8,79084.5
9471.62,87450.4

9471.62,87450.4
6807.02,80847.2

6807.02,80847.2
9471.62,87450.4

9471.62,87450.4
9661.22,74972.3

9661.22,74972.3
9471.62,87450.4

9471.62,87450.4
9797.49,73552.2

9797.49,73552.2
9471.62,87450.4

908.325,96563.3
10129,95341.1

10129,95341.1
908.325,96563.3

908.325,96563.3
8850.16,88273.4

8850.16,88273.4
908.325,96563.3

908.325,96563.3
9471.62,87450.4

9471.62,87450.4
908.325,96563.3

67009.6,25589.9
74013.5,35902.2

74013.5,35902.2
67009.6,25589.9

67009.6,25589.9
54043,32362.2

54043,32362.2
67009.6,25589.9

67009.6,25589.9
79256.5,24787.8

79256.5,24787.8
67009.6,25589.9

67009.6,25589.9
55331.2,33865

55331.2,33865
67009.6,25589.9

67009.6,25589.9
71788.5,16679.9

71788.5,16679.9
67009.6,25589.9

67009.6,25589.9
65888.6,22684.4

65888.6,22684.4
67009.6,25589.9

67009.6,25589.9
70659.6,15326.1

70659.6,15326.1
67009.6,25589.9

67009.6,25589.9
66509.4,22481.8

66509.4,22481.8
67009.6,25589.9

67009.6,25589.9
54290,19360.7

54290,19360.7
67009.6,25589.9

83094.3,12606.2
84118.3,11633.2

84118.3,11633.2
83094.3,12606.2

83094.3,12606.2
93870.2,9434.99

93870.2,9434.99
83094.3,12606.2

83094.3,12606.2
90097.7,25183.6

90097.7,25183.6
83094.3,12606.2

83094.3,12606.2
84371.5,15562.2

84371.5,15562.2
83094.3,12606.2

83094.3,12606.2
79256.5,24787.8

79256.5,24787.8
83094.3,12606.2

83094.3,12606.2
71788.5,16679.9

71788.5,16679.9
83094.3,12606.2

83094.3,12606.2
70659.6,15326.1

70659.6,15326.1
83094.3,12606.2

83094.3,12606.2
87037.9,11238.2

87037.9,11238.2
83094.3,12606.2

56934.5,68660.6
62961.6,71991.6

62961.6,71991.6
56934.5,68660.6

56934.5,68660.6
57738.5,66111.4

57738.5,66111.4
56934.5,68660.6

56934.5,68660.6
68678.8,64653.2

68678.8,64653.2
56934.5,68660.6

56934.5,68660.6
66412.2,71157.5

66412.2,71157.5
56934.5,68660.6

56934.5,68660.6
45517.2,69759.2

45517.2,69759.2
56934.5,68660.6

56934.5,68660.6
50867,80010.9

50867,80010.9
56934.5,68660.6

56934.5,68660.6
47728.8,74994.6

47728.8,74994.6
56934.5,68660.6

56934.5,68660.6
49383.6,80060.9

49383.6,80060.9
56934.5,68660.6

56934.5,68660.6
48698.5,77708.3

48698.5,77708.3
56934.5,68660.6

52701.8,50984.8
58125.2,42936.9

58125.2,42936.9
52701.8,50984.8

52701.8,50984.8
59224.5,51499.4

59224.5,51499.4
52701.8,50984.8

52701.8,50984.8
41704.2,57905.4

41704.2,57905.4
52701.8,50984.8

52701.8,50984.8
44933.4,51198.4

44933.4,51198.4
52701.8,50984.8

52701.8,50984.8
45226.3,52240.9

45226.3,52240.9
52701.8,50984.8

52701.8,50984.8
48016.8,49760

48016.8,49760
52701.8,50984.8

52701.8,50984.8
49590.6,39326.1

49590.6,39326.1
52701.8,50984.8

52701.8,50984.8
53420.4,53919.9

53420.4,53919.9
52701.8,50984.8

52701.8,50984.8
43587.8,41675.9

43587.8,41675.9
52701.8,50984.8

38832.6,73000.6
35167.8,69471.4

35167.8,69471.4
38832.6,73000.6

38832.6,73000.6
45867.7,84436.4

45867.7,84436.4
38832.6,73000.6

38832.6,73000.6
32448.3,80856

32448.3,80856
38832.6,73000.6

38832.6,73000.6
45517.2,69759.2

45517.2,69759.2
38832.6,73000.6

38832.6,73000.6
50867,80010.9

50867,80010.9
38832.6,73000.6

38832.6,73000.6
36163.1,83262.4

36163.1,83262.4
38832.6,73000.6

38832.6,73000.6
47728.8,74994.6

47728.8,74994.6
38832.6,73000.6

38832.6,73000.6
49383.6,80060.9

49383.6,80060.9
38832.6,73000.6

38832.6,73000.6
48698.5,77708.3

48698.5,77708.3
38832.6,73000.6

27930.5,7818.41
24429.7,16400.9

24429.7,16400.9
27930.5,7818.41

27930.5,7818.41
13289.7,9842.38

13289.7,9842.38
27930.5,7818.41

27930.5,7818.41
38054.4,9733.37

38054.4,9733.37
27930.5,7818.41

27930.5,7818.41
24073.6,22269.5

24073.6,22269.5
27930.5,7818.41

27930.5,7818.41
40092.9,5801.67

40092.9,5801.67
27930.5,7818.41

27930.5,7818.41
29256.3,11490.2

29256.3,11490.2
27930.5,7818.41

27930.5,7818.41
42249.2,6048.98

42249.2,6048.98
27930.5,7818.41

27930.5,7818.41
40310.5,7467.97

40310.5,7467.97
27930.5,7818.41

27930.5,7818.41
22624.1,5028.63

22624.1,5028.63
27930.5,7818.41

27930.5,7818.41
40269.2,15110.2

40269.2,15110.2
27930.5,7818.41

27930.5,7818.41
18450.5,6013.82

18450.5,6013.82
27930.5,7818.41

26181.1,81976.5
25221.3,94003

25221.3,94003
26181.1,81976.5

26181.1,81976.5
26788.6,87145.6

26788.6,87145.6
26181.1,81976.5

26181.1,81976.5
18671.5,75094.3

18671.5,75094.3
26181.1,81976.5

26181.1,81976.5
15962.9,91351.7

15962.9,91351.7
26181.1,81976.5

26181.1,81976.5
32448.3,80856

32448.3,80856
26181.1,81976.5

26181.1,81976.5
18924.1,78420.4

18924.1,78420.4
26181.1,81976.5

26181.1,81976.5
36163.1,83262.4

36163.1,83262.4
26181.1,81976.5

26181.1,81976.5
20602.8,79084.5

20602.8,79084.5
26181.1,81976.5

26181.1,81976.5
16824.9,71163.4

16824.9,71163.4
26181.1,81976.5

17222.6,55212.3
31249.9,51526.3

31249.9,51526.3
17222.6,55212.3

17222.6,55212.3
16945.2,56054.1

16945.2,56054.1
17222.6,55212.3

17222.6,55212.3
4733.39,59745.3

4733.39,59745.3
17222.6,55212.3

17222.6,55212.3
19568.5,47748.9

19568.5,47748.9
17222.6,55212.3

17222.6,55212.3
4497.41,60428.4

4497.41,60428.4
17222.6,55212.3

17222.6,55212.3
10343,51942.8

10343,51942.8
17222.6,55212.3

17222.6,55212.3
17364.6,40499.6

17364.6,40499.6
17222.6,55212.3

17222.6,55212.3
23547,55743

23547,55743
17222.6,55212.3

17222.6,55212.3
24939.9,47792.3

24939.9,47792.3
17222.6,55212.3

47394,28403.1
42536,31263.4

42536,31263.4
47394,28403.1

47394,28403.1
54043,32362.2

54043,32362.2
47394,28403.1

47394,28403.1
55331.2,33865

55331.2,33865
47394,28403.1

47394,28403.1
43553.2,35102.7

43553.2,35102.7
47394,28403.1

47394,28403.1
49590.6,39326.1

49590.6,39326.1
47394,28403.1

47394,28403.1
40201.8,24613.6

40201.8,24613.6
47394,28403.1

47394,28403.1
41611.7,20408.2

41611.7,20408.2
47394,28403.1

47394,28403.1
41429.3,28026.5

41429.3,28026.5
47394,28403.1

47394,28403.1
54290,19360.7

54290,19360.7
47394,28403.1

47394,28403.1
43587.8,41675.9

43587.8,41675.9
47394,28403.1

97082.1,54218.8
88641.9,42168.1

88641.9,42168.1
97082.1,54218.8

97082.1,54218.8
89931,61650.5

89931,61650.5
97082.1,54218.8

97082.1,54218.8
98214.8,52684.7

98214.8,52684.7
97082.1,54218.8

97082.1,54218.8
94091.1,54916.8

94091.1,54916.8
97082.1,54218.8

97082.1,54218.8
97029.4,57806.1

97029.4,57806.1
97082.1,54218.8

97082.1,54218.8
97107,67433.9

97107,67433.9
97082.1,54218.8

33731.8,60291.6
41704.2,57905.4

41704.2,57905.4
33731.8,60291.6

33731.8,60291.6
44933.4,51198.4

44933.4,51198.4
33731.8,60291.6

33731.8,60291.6
35167.8,69471.4

35167.8,69471.4
33731.8,60291.6

33731.8,60291.6
37246.1,56207.6

37246.1,56207.6
33731.8,60291.6

33731.8,60291.6
45226.3,52240.9

45226.3,52240.9
33731.8,60291.6

33731.8,60291.6
31249.9,51526.3

31249.9,51526.3
33731.8,60291.6

33731.8,60291.6
32724.4,47723.8

32724.4,47723.8
33731.8,60291.6

33731.8,60291.6
23547,55743

23547,55743
33731.8,60291.6

33731.8,60291.6
34304.9,56864.4

34304.9,56864.4
33731.8,60291.6

33731.8,60291.6
38832.6,73000.6

38832.6,73000.6
33731.8,60291.6

10146,93713.1
20422.4,98314.1

20422.4,98314.1
10146,93713.1

10146,93713.1
15962.9,91351.7

15962.9,91351.7
10146,93713.1

10146,93713.1
10129,95341.1

10129,95341.1
10146,93713.1

10146,93713.1
8850.16,88273.4

8850.16,88273.4
10146,93713.1

10146,93713.1
6807.02,80847.2

6807.02,80847.2
10146,93713.1

10146,93713.1
9471.62,87450.4

9471.62,87450.4
10146,93713.1

10146,93713.1
908.325,96563.3

908.325,96563.3
10146,93713.1

65790.3,38980.8
58125.2,42936.9

58125.2,42936.9
65790.3,38980.8

65790.3,38980.8
59224.5,51499.4

59224.5,51499.4
65790.3,38980.8

65790.3,38980.8
74280.9,42726.4

74280.9,42726.4
65790.3,38980.8

65790.3,38980.8
78101.1,36523.9

78101.1,36523.9
65790.3,38980.8

65790.3,38980.8
74013.5,35902.2

74013.5,35902.2
65790.3,38980.8

65790.3,38980.8
54043,32362.2

54043,32362.2
65790.3,38980.8

65790.3,38980.8
55331.2,33865

55331.2,33865
65790.3,38980.8

65790.3,38980.8
69637.8,45512.5

69637.8,45512.5
65790.3,38980.8

65790.3,38980.8
78311.9,39399.4

78311.9,39399.4
65790.3,38980.8

65790.3,38980.8
67009.6,25589.9

67009.6,25589.9
65790.3,38980.8

42715,94821
53965.9,90212.8

53965.9,90212.8
42715,94821

42715,94821
40803.7,91446.3

40803.7,91446.3
42715,94821

42715,94821
49177.2,84317.4

49177.2,84317.4
42715,94821

42715,94821
45867.7,84436.4

45867.7,84436.4
42715,94821

42715,94821
36163.1,83262.4

36163.1,83262.4
42715,94821

42715,94821
54335.1,86400.1

54335.1,86400.1
42715,94821

34315.8,55218.9
41704.2,57905.4

41704.2,57905.4
34315.8,55218.9

34315.8,55218.9
44933.4,51198.4

44933.4,51198.4
34315.8,55218.9

34315.8,55218.9
35167.8,69471.4

35167.8,69471.4
34315.8,55218.9

34315.8,55218.9
37246.1,56207.6

37246.1,56207.6
34315.8,55218.9

34315.8,55218.9
45226.3,52240.9

45226.3,52240.9
34315.8,55218.9

34315.8,55218.9
31249.9,51526.3

31249.9,51526.3
34315.8,55218.9

34315.8,55218.9
48016.8,49760

48016.8,49760
34315.8,55218.9

34315.8,55218.9
28956.6,43648.2

28956.6,43648.2
34315.8,55218.9

34315.8,55218.9
32724.4,47723.8

32724.4,47723.8
34315.8,55218.9

34315.8,55218.9
23547,55743

23547,55743
34315.8,55218.9

34315.8,55218.9
24939.9,47792.3

24939.9,47792.3
34315.8,55218.9

34315.8,55218.9
34304.9,56864.4

34304.9,56864.4
34315.8,55218.9

34315.8,55218.9
33731.8,60291.6

33731.8,60291.6
34315.8,55218.9

96982.4,1534.75
93870.2,9434.99

93870.2,9434.99
96982.4,1534.75

96982.4,1534.75
87037.9,11238.2

87037.9,11238.2
96982.4,1534.75

36502.9,44046.8
41704.2,57905.4

41704.2,57905.4
36502.9,44046.8

36502.9,44046.8
42536,31263.4

42536,31263.4
36502.9,44046.8

36502.9,44046.8
44933.4,51198.4

44933.4,51198.4
36502.9,44046.8

36502.9,44046.8
33862.8,39785.4

33862.8,39785.4
36502.9,44046.8

36502.9,44046.8
37246.1,56207.6

37246.1,56207.6
36502.9,44046.8

36502.9,44046.8
45226.3,52240.9

45226.3,52240.9
36502.9,44046.8

36502.9,44046.8
31249.9,51526.3

31249.9,51526.3
36502.9,44046.8

36502.9,44046.8
48016.8,49760

48016.8,49760
36502.9,44046.8

36502.9,44046.8
28956.6,43648.2

28956.6,43648.2
36502.9,44046.8

36502.9,44046.8
43553.2,35102.7

43553.2,35102.7
36502.9,44046.8

36502.9,44046.8
49590.6,39326.1

49590.6,39326.1
36502.9,44046.8

36502.9,44046.8
32724.4,47723.8

32724.4,47723.8
36502.9,44046.8

36502.9,44046.8
34142.9,37136.4

34142.9,37136.4
36502.9,44046.8

36502.9,44046.8
25037.4,38492.6

25037.4,38492.6
36502.9,44046.8

36502.9,44046.8
31963.5,33830.9

31963.5,33830.9
36502.9,44046.8

36502.9,44046.8
24939.9,47792.3

24939.9,47792.3
36502.9,44046.8

36502.9,44046.8
43587.8,41675.9

43587.8,41675.9
36502.9,44046.8

36502.9,44046.8
34304.9,56864.4

34304.9,56864.4
36502.9,44046.8

36502.9,44046.8
34315.8,55218.9

34315.8,55218.9
36502.9,44046.8

76016.4,39598.3
81259.1,49859.2

81259.1,49859.2
76016.4,39598.3

76016.4,39598.3
74280.9,42726.4

74280.9,42726.4
76016.4,39598.3

76016.4,39598.3
82463.7,42443

82463.7,42443
76016.4,39598.3

76016.4,39598.3
78101.1,36523.9

78101.1,36523.9
76016.4,39598.3

76016.4,39598.3
88641.9,42168.1

88641.9,42168.1
76016.4,39598.3

76016.4,39598.3
73188,53067.7

73188,53067.7
76016.4,39598.3

76016.4,39598.3
74013.5,35902.2

74013.5,35902.2
76016.4,39598.3

76016.4,39598.3
83086.8,29650.8

83086.8,29650.8
76016.4,39598.3

76016.4,39598.3
69637.8,45512.5

69637.8,45512.5
76016.4,39598.3

76016.4,39598.3
78311.9,39399.4

78311.9,39399.4
76016.4,39598.3

76016.4,39598.3
65790.3,38980.8

65790.3,38980.8
76016.4,39598.3

21036.8,2747.51
24429.7,16400.9

24429.7,16400.9
21036.8,2747.51

21036.8,2747.51
13289.7,9842.38

13289.7,9842.38
21036.8,2747.51

21036.8,2747.51
29256.3,11490.2

29256.3,11490.2
21036.8,2747.51

21036.8,2747.51
22624.1,5028.63

22624.1,5028.63
21036.8,2747.51

21036.8,2747.51
9415.19,7046.33

9415.19,7046.33
21036.8,2747.51

21036.8,2747.51
18450.5,6013.82

18450.5,6013.82
21036.8,2747.51

21036.8,2747.51
27930.5,7818.41

27930.5,7818.41
21036.8,2747.51

20482.3,19301
31562.9,26899.9

31562.9,26899.9
20482.3,19301

20482.3,19301
24429.7,16400.9

24429.7,16400.9
20482.3,19301

20482.3,19301
13289.7,9842.38

13289.7,9842.38
20482.3,19301

20482.3,19301
19563.7,21617.2

19563.7,21617.2
20482.3,19301

20482.3,19301
24073.6,22269.5

24073.6,22269.5
20482.3,19301

20482.3,19301
29256.3,11490.2

29256.3,11490.2
20482.3,19301

20482.3,19301
19031.6,24825.5

19031.6,24825.5
20482.3,19301

20482.3,19301
22624.1,5028.63

22624.1,5028.63
20482.3,19301

20482.3,19301
28402.8,29583

28402.8,29583
20482.3,19301

20482.3,19301
17215,30142.3

17215,30142.3
20482.3,19301

20482.3,19301
14804.8,25870.9

14804.8,25870.9
20482.3,19301

20482.3,19301
18450.5,6013.82

18450.5,6013.82
20482.3,19301

20482.3,19301
27930.5,7818.41

27930.5,7818.41
20482.3,19301

43984.9,63679.2
41704.2,57905.4

41704.2,57905.4
43984.9,63679.2

43984.9,63679.2
57738.5,66111.4

57738.5,66111.4
43984.9,63679.2

43984.9,63679.2
44933.4,51198.4

44933.4,51198.4
43984.9,63679.2

43984.9,63679.2
35167.8,69471.4

35167.8,69471.4
43984.9,63679.2

43984.9,63679.2
37246.1,56207.6

37246.1,56207.6
43984.9,63679.2

43984.9,63679.2
45226.3,52240.9

45226.3,52240.9
43984.9,63679.2

43984.9,63679.2
48016.8,49760

48016.8,49760
43984.9,63679.2

43984.9,63679.2
45517.2,69759.2

45517.2,69759.2
43984.9,63679.2

43984.9,63679.2
53420.4,53919.9

53420.4,53919.9
43984.9,63679.2

43984.9,63679.2
47728.8,74994.6

47728.8,74994.6
43984.9,63679.2

43984.9,63679.2
48698.5,77708.3

48698.5,77708.3
43984.9,63679.2

43984.9,63679.2
34304.9,56864.4

34304.9,56864.4
43984.9,63679.2

43984.9,63679.2
56934.5,68660.6

56934.5,68660.6
43984.9,63679.2

43984.9,63679.2
38832.6,73000.6

38832.6,73000.6
43984.9,63679.2

43984.9,63679.2
33731.8,60291.6

33731.8,60291.6
43984.9,63679.2

43984.9,63679.2
34315.8,55218.9

34315.8,55218.9
43984.9,63679.2

27846.9,33212.6
42536,31263.4

42536,31263.4
27846.9,33212.6

27846.9,33212.6
31562.9,26899.9

31562.9,26899.9
27846.9,33212.6

27846.9,33212.6
33862.8,39785.4

33862.8,39785.4
27846.9,33212.6

27846.9,33212.6
19563.7,21617.2

19563.7,21617.2
27846.9,33212.6

27846.9,33212.6
24073.6,22269.5

24073.6,22269.5
27846.9,33212.6

27846.9,33212.6
28956.6,43648.2

28956.6,43648.2
27846.9,33212.6

27846.9,33212.6
15561.4,35713.1

15561.4,35713.1
27846.9,33212.6

27846.9,33212.6
17364.6,40499.6

17364.6,40499.6
27846.9,33212.6

27846.9,33212.6
34142.9,37136.4

34142.9,37136.4
27846.9,33212.6

27846.9,33212.6
19031.6,24825.5

19031.6,24825.5
27846.9,33212.6

27846.9,33212.6
25037.4,38492.6

25037.4,38492.6
27846.9,33212.6

27846.9,33212.6
31963.5,33830.9

31963.5,33830.9
27846.9,33212.6

27846.9,33212.6
28402.8,29583

28402.8,29583
27846.9,33212.6

27846.9,33212.6
17215,30142.3

17215,30142.3
27846.9,33212.6

27846.9,33212.6
41429.3,28026.5

41429.3,28026.5
27846.9,33212.6

27846.9,33212.6
14804.8,25870.9

14804.8,25870.9
27846.9,33212.6

27846.9,33212.6
24939.9,47792.3

24939.9,47792.3
27846.9,33212.6

27846.9,33212.6
36502.9,44046.8

36502.9,44046.8
27846.9,33212.6

30637,30080.9
42536,31263.4

42536,31263.4
30637,30080.9

30637,30080.9
31562.9,26899.9

31562.9,26899.9
30637,30080.9

30637,30080.9
33862.8,39785.4

33862.8,39785.4
30637,30080.9

30637,30080.9
19563.7,21617.2

19563.7,21617.2
30637,30080.9

30637,30080.9
24073.6,22269.5

24073.6,22269.5
30637,30080.9

30637,30080.9
28956.6,43648.2

28956.6,43648.2
30637,30080.9

30637,30080.9
43553.2,35102.7

43553.2,35102.7
30637,30080.9

30637,30080.9
40201.8,24613.6

40201.8,24613.6
30637,30080.9

30637,30080.9
41611.7,20408.2

41611.7,20408.2
30637,30080.9

30637,30080.9
34142.9,37136.4

34142.9,37136.4
30637,30080.9

30637,30080.9
19031.6,24825.5

19031.6,24825.5
30637,30080.9

30637,30080.9
25037.4,38492.6

25037.4,38492.6
30637,30080.9

30637,30080.9
31963.5,33830.9

31963.5,33830.9
30637,30080.9

30637,30080.9
28402.8,29583

28402.8,29583
30637,30080.9

30637,30080.9
17215,30142.3

17215,30142.3
30637,30080.9

30637,30080.9
41429.3,28026.5

41429.3,28026.5
30637,30080.9

30637,30080.9
20482.3,19301

20482.3,19301
30637,30080.9

30637,30080.9
27846.9,33212.6

27846.9,33212.6
30637,30080.9

23861.4,29984.9
31562.9,26899.9

31562.9,26899.9
23861.4,29984.9

23861.4,29984.9
24429.7,16400.9

24429.7,16400.9
23861.4,29984.9

23861.4,29984.9
33862.8,39785.4

33862.8,39785.4
23861.4,29984.9

23861.4,29984.9
19563.7,21617.2

19563.7,21617.2
23861.4,29984.9

23861.4,29984.9
24073.6,22269.5

24073.6,22269.5
23861.4,29984.9

23861.4,29984.9
28956.6,43648.2

28956.6,43648.2
23861.4,29984.9

23861.4,29984.9
15561.4,35713.1

15561.4,35713.1
23861.4,29984.9

23861.4,29984.9
17364.6,40499.6

17364.6,40499.6
23861.4,29984.9

23861.4,29984.9
34142.9,37136.4

34142.9,37136.4
23861.4,29984.9

23861.4,29984.9
19031.6,24825.5

19031.6,24825.5
23861.4,29984.9

23861.4,29984.9
25037.4,38492.6

25037.4,38492.6
23861.4,29984.9

23861.4,29984.9
31963.5,33830.9

31963.5,33830.9
23861.4,29984.9

23861.4,29984.9
28402.8,29583

28402.8,29583
23861.4,29984.9

23861.4,29984.9
17215,30142.3

17215,30142.3
23861.4,29984.9

23861.4,29984.9
14804.8,25870.9

14804.8,25870.9
23861.4,29984.9

23861.4,29984.9
20482.3,19301

20482.3,19301
23861.4,29984.9

23861.4,29984.9
27846.9,33212.6

27846.9,33212.6
23861.4,29984.9

23861.4,29984.9
30637,30080.9

30637,30080.9
23861.4,29984.9

72560.8,91624.5
72780,87225.8

72780,87225.8
72560.8,91624.5

72560.8,91624.5
65558.3,97889.3

65558.3,97889.3
72560.8,91624.5

72560.8,91624.5
64842.7,97967.7

64842.7,97967.7
72560.8,91624.5

72560.8,91624.5
74338.9,99475.6

74338.9,99475.6
72560.8,91624.5

72560.8,91624.5
80163.9,78828.9

80163.9,78828.9
72560.8,91624.5

72560.8,91624.5
77169.8,96862

77169.8,96862
72560.8,91624.5

72560.8,91624.5
62839.2,94242.5

62839.2,94242.5
72560.8,91624.5

13409.6,61839.3
16945.2,56054.1

16945.2,56054.1
13409.6,61839.3

13409.6,61839.3
18671.5,75094.3

18671.5,75094.3
13409.6,61839.3

13409.6,61839.3
4733.39,59745.3

4733.39,59745.3
13409.6,61839.3

13409.6,61839.3
4497.41,60428.4

4497.41,60428.4
13409.6,61839.3

13409.6,61839.3
1049.96,65286.6

1049.96,65286.6
13409.6,61839.3

13409.6,61839.3
10343,51942.8

10343,51942.8
13409.6,61839.3

13409.6,61839.3
16824.9,71163.4

16824.9,71163.4
13409.6,61839.3

13409.6,61839.3
8540.54,67516.6

8540.54,67516.6
13409.6,61839.3

13409.6,61839.3
23547,55743

23547,55743
13409.6,61839.3

13409.6,61839.3
1311.58,59475.2

1311.58,59475.2
13409.6,61839.3

13409.6,61839.3
9661.22,74972.3

9661.22,74972.3
13409.6,61839.3

13409.6,61839.3
9797.49,73552.2

9797.49,73552.2
13409.6,61839.3

13409.6,61839.3
17222.6,55212.3

17222.6,55212.3
13409.6,61839.3

24579.2,34777.9
31562.9,26899.9

31562.9,26899.9
24579.2,34777.9

24579.2,34777.9
33862.8,39785.4

33862.8,39785.4
24579.2,34777.9

24579.2,34777.9
19563.7,21617.2

19563.7,21617.2
24579.2,34777.9

24579.2,34777.9
24073.6,22269.5

24073.6,22269.5
24579.2,34777.9

24579.2,34777.9
28956.6,43648.2

28956.6,43648.2
24579.2,34777.9

24579.2,34777.9
15561.4,35713.1

15561.4,35713.1
24579.2,34777.9

24579.2,34777.9
19568.5,47748.9

19568.5,47748.9
24579.2,34777.9

24579.2,34777.9
17364.6,40499.6

17364.6,40499.6
24579.2,34777.9

24579.2,34777.9
34142.9,37136.4

34142.9,37136.4
24579.2,34777.9

24579.2,34777.9
19031.6,24825.5

19031.6,24825.5
24579.2,34777.9

24579.2,34777.9
25037.4,38492.6

25037.4,38492.6
24579.2,34777.9

24579.2,34777.9
31963.5,33830.9

31963.5,33830.9
24579.2,34777.9

24579.2,34777.9
28402.8,29583

28402.8,29583
24579.2,34777.9

24579.2,34777.9
17215,30142.3

17215,30142.3
24579.2,34777.9

24579.2,34777.9
14804.8,25870.9

14804.8,25870.9
24579.2,34777.9

24579.2,34777.9
24939.9,47792.3

24939.9,47792.3
24579.2,34777.9

24579.2,34777.9
27846.9,33212.6

27846.9,33212.6
24579.2,34777.9

24579.2,34777.9
30637,30080.9

30637,30080.9
24579.2,34777.9

24579.2,34777.9
23861.4,29984.9

23861.4,29984.9
24579.2,34777.9

26832.4,1973.3
24429.7,16400.9

24429.7,16400.9
26832.4,1973.3

26832.4,1973.3
38054.4,9733.37

38054.4,9733.37
26832.4,1973.3

26832.4,1973.3
40092.9,5801.67

40092.9,5801.67
26832.4,1973.3

26832.4,1973.3
29256.3,11490.2

29256.3,11490.2
26832.4,1973.3

26832.4,1973.3
40310.5,7467.97

40310.5,7467.97
26832.4,1973.3

26832.4,1973.3
22624.1,5028.63

22624.1,5028.63
26832.4,1973.3

26832.4,1973.3
18450.5,6013.82

18450.5,6013.82
26832.4,1973.3

26832.4,1973.3
27930.5,7818.41

27930.5,7818.41
26832.4,1973.3

26832.4,1973.3
21036.8,2747.51

21036.8,2747.51
26832.4,1973.3

88769.9,69396.9
82801.7,77648.9

82801.7,77648.9
88769.9,69396.9

88769.9,69396.9
95085.3,73956.8

95085.3,73956.8
88769.9,69396.9

88769.9,69396.9
80554.1,72803.8

80554.1,72803.8
88769.9,69396.9

88769.9,69396.9
89931,61650.5

89931,61650.5
88769.9,69396.9

88769.9,69396.9
80163.9,78828.9

80163.9,78828.9
88769.9,69396.9

88769.9,69396.9
79733.1,74365.1

79733.1,74365.1
88769.9,69396.9

88769.9,69396.9
97485.8,71448.2

97485.8,71448.2
88769.9,69396.9

88769.9,69396.9
95268.2,80953.7

95268.2,80953.7
88769.9,69396.9

88769.9,69396.9
87998.6,68350.6

87998.6,68350.6
88769.9,69396.9

88769.9,69396.9
76162,76582.9

76162,76582.9
88769.9,69396.9

88769.9,69396.9
97029.4,57806.1

97029.4,57806.1
88769.9,69396.9

88769.9,69396.9
97107,67433.9

97107,67433.9
88769.9,69396.9

41104.8,95888.6
53965.9,90212.8

53965.9,90212.8
41104.8,95888.6

41104.8,95888.6
40803.7,91446.3

40803.7,91446.3
41104.8,95888.6

41104.8,95888.6
49177.2,84317.4

49177.2,84317.4
41104.8,95888.6

41104.8,95888.6
45867.7,84436.4

45867.7,84436.4
41104.8,95888.6

41104.8,95888.6
36163.1,83262.4

36163.1,83262.4
41104.8,95888.6

41104.8,95888.6
42715,94821

42715,94821
41104.8,95888.6

19231.2,26527.2
31562.9,26899.9

31562.9,26899.9
19231.2,26527.2

19231.2,26527.2
24429.7,16400.9

24429.7,16400.9
19231.2,26527.2

19231.2,26527.2
19563.7,21617.2

19563.7,21617.2
19231.2,26527.2

19231.2,26527.2
24073.6,22269.5

24073.6,22269.5
19231.2,26527.2

19231.2,26527.2
15561.4,35713.1

15561.4,35713.1
19231.2,26527.2

19231.2,26527.2
5015.95,27418.5

5015.95,27418.5
19231.2,26527.2

19231.2,26527.2
17364.6,40499.6

17364.6,40499.6
19231.2,26527.2

19231.2,26527.2
19031.6,24825.5

19031.6,24825.5
19231.2,26527.2

19231.2,26527.2
25037.4,38492.6

25037.4,38492.6
19231.2,26527.2

19231.2,26527.2
31963.5,33830.9

31963.5,33830.9
19231.2,26527.2

19231.2,26527.2
28402.8,29583

28402.8,29583
19231.2,26527.2

19231.2,26527.2
17215,30142.3

17215,30142.3
19231.2,26527.2

19231.2,26527.2
14804.8,25870.9

14804.8,25870.9
19231.2,26527.2

19231.2,26527.2
20482.3,19301

20482.3,19301
19231.2,26527.2

19231.2,26527.2
27846.9,33212.6

27846.9,33212.6
19231.2,26527.2

19231.2,26527.2
30637,30080.9

30637,30080.9
19231.2,26527.2

19231.2,26527.2
23861.4,29984.9

23861.4,29984.9
19231.2,26527.2

19231.2,26527.2
24579.2,34777.9

24579.2,34777.9
19231.2,26527.2

13455,19546.5
24429.7,16400.9

24429.7,16400.9
13455,19546.5

13455,19546.5
13289.7,9842.38

13289.7,9842.38
13455,19546.5

13455,19546.5
19563.7,21617.2

19563.7,21617.2
13455,19546.5

13455,19546.5
24073.6,22269.5

24073.6,22269.5
13455,19546.5

13455,19546.5
5015.95,27418.5

5015.95,27418.5
13455,19546.5

13455,19546.5
19031.6,24825.5

19031.6,24825.5
13455,19546.5

13455,19546.5
17215,30142.3

17215,30142.3
13455,19546.5

13455,19546.5
9415.19,7046.33

9415.19,7046.33
13455,19546.5

13455,19546.5
14804.8,25870.9

14804.8,25870.9
13455,19546.5

13455,19546.5
18450.5,6013.82

18450.5,6013.82
13455,19546.5

13455,19546.5
20482.3,19301

20482.3,19301
13455,19546.5

13455,19546.5
23861.4,29984.9

23861.4,29984.9
13455,19546.5

13455,19546.5
19231.2,26527.2

19231.2,26527.2
13455,19546.5

55423,91401.3
53965.9,90212.8

53965.9,90212.8
55423,91401.3

55423,91401.3
40803.7,91446.3

40803.7,91446.3
55423,91401.3

55423,91401.3
65558.3,97889.3

65558.3,97889.3
55423,91401.3

55423,91401.3
49177.2,84317.4

49177.2,84317.4
55423,91401.3

55423,91401.3
45867.7,84436.4

45867.7,84436.4
55423,91401.3

55423,91401.3
64842.7,97967.7

64842.7,97967.7
55423,91401.3

55423,91401.3
50867,80010.9

50867,80010.9
55423,91401.3

55423,91401.3
49383.6,80060.9

49383.6,80060.9
55423,91401.3

55423,91401.3
54335.1,86400.1

54335.1,86400.1
55423,91401.3

55423,91401.3
62839.2,94242.5

62839.2,94242.5
55423,91401.3

55423,91401.3
42715,94821

42715,94821
55423,91401.3

25071.9,49452
33862.8,39785.4

33862.8,39785.4
25071.9,49452

25071.9,49452
37246.1,56207.6

37246.1,56207.6
25071.9,49452

25071.9,49452
31249.9,51526.3

31249.9,51526.3
25071.9,49452

25071.9,49452
16945.2,56054.1

16945.2,56054.1
25071.9,49452

25071.9,49452
28956.6,43648.2

28956.6,43648.2
25071.9,49452

25071.9,49452
19568.5,47748.9

19568.5,47748.9
25071.9,49452

25071.9,49452
10343,51942.8

10343,51942.8
25071.9,49452

25071.9,49452
17364.6,40499.6

17364.6,40499.6
25071.9,49452

25071.9,49452
32724.4,47723.8

32724.4,47723.8
25071.9,49452

25071.9,49452
25037.4,38492.6

25037.4,38492.6
25071.9,49452

25071.9,49452
23547,55743

23547,55743
25071.9,49452

25071.9,49452
24939.9,47792.3

24939.9,47792.3
25071.9,49452

25071.9,49452
34304.9,56864.4

34304.9,56864.4
25071.9,49452

25071.9,49452
17222.6,55212.3

17222.6,55212.3
25071.9,49452

25071.9,49452
33731.8,60291.6

33731.8,60291.6
25071.9,49452

25071.9,49452
34315.8,55218.9

34315.8,55218.9
25071.9,49452

25071.9,49452
36502.9,44046.8

36502.9,44046.8
25071.9,49452

25071.9,49452
24579.2,34777.9

24579.2,34777.9
25071.9,49452

72242.4,72223.4
62961.6,71991.6

62961.6,71991.6
72242.4,72223.4

72242.4,72223.4
82801.7,77648.9

82801.7,77648.9
72242.4,72223.4

72242.4,72223.4
68678.8,64653.2

68678.8,64653.2
72242.4,72223.4

72242.4,72223.4
80554.1,72803.8

80554.1,72803.8
72242.4,72223.4

72242.4,72223.4
80163.9,78828.9

80163.9,78828.9
72242.4,72223.4

72242.4,72223.4
66412.2,71157.5

66412.2,71157.5
72242.4,72223.4

72242.4,72223.4
73252,58959.6

73252,58959.6
72242.4,72223.4

72242.4,72223.4
79733.1,74365.1

79733.1,74365.1
72242.4,72223.4

72242.4,72223.4
76162,76582.9

76162,76582.9
72242.4,72223.4

65199.2,13107.4
62547.2,6455.04

62547.2,6455.04
65199.2,13107.4

65199.2,13107.4
64801,5411.39

64801,5411.39
65199.2,13107.4

65199.2,13107.4
71788.5,16679.9

71788.5,16679.9
65199.2,13107.4

65199.2,13107.4
65888.6,22684.4

65888.6,22684.4
65199.2,13107.4

65199.2,13107.4
70659.6,15326.1

70659.6,15326.1
65199.2,13107.4

65199.2,13107.4
64772.6,3783.64

64772.6,3783.64
65199.2,13107.4

65199.2,13107.4
57243.1,13420.5

57243.1,13420.5
65199.2,13107.4

65199.2,13107.4
66509.4,22481.8

66509.4,22481.8
65199.2,13107.4

65199.2,13107.4
68924.9,3727.22

68924.9,3727.22
65199.2,13107.4

65199.2,13107.4
54290,19360.7

54290,19360.7
65199.2,13107.4

65199.2,13107.4
62463.3,2732.79

62463.3,2732.79
65199.2,13107.4

65199.2,13107.4
67009.6,25589.9

67009.6,25589.9
65199.2,13107.4

38314.7,51790.5
41704.2,57905.4

41704.2,57905.4
38314.7,51790.5

38314.7,51790.5
44933.4,51198.4

44933.4,51198.4
38314.7,51790.5

38314.7,51790.5
33862.8,39785.4

33862.8,39785.4
38314.7,51790.5

38314.7,51790.5
37246.1,56207.6

37246.1,56207.6
38314.7,51790.5

38314.7,51790.5
45226.3,52240.9

45226.3,52240.9
38314.7,51790.5

38314.7,51790.5
31249.9,51526.3

31249.9,51526.3
38314.7,51790.5

38314.7,51790.5
48016.8,49760

48016.8,49760
38314.7,51790.5

38314.7,51790.5
28956.6,43648.2

28956.6,43648.2
38314.7,51790.5

38314.7,51790.5
32724.4,47723.8

32724.4,47723.8
38314.7,51790.5

38314.7,51790.5
24939.9,47792.3

24939.9,47792.3
38314.7,51790.5

38314.7,51790.5
43587.8,41675.9

43587.8,41675.9
38314.7,51790.5

38314.7,51790.5
34304.9,56864.4

34304.9,56864.4
38314.7,51790.5

38314.7,51790.5
52701.8,50984.8

52701.8,50984.8
38314.7,51790.5

38314.7,51790.5
33731.8,60291.6

33731.8,60291.6
38314.7,51790.5

38314.7,51790.5
34315.8,55218.9

34315.8,55218.9
38314.7,51790.5

38314.7,51790.5
36502.9,44046.8

36502.9,44046.8
38314.7,51790.5

38314.7,51790.5
43984.9,63679.2

43984.9,63679.2
38314.7,51790.5

38314.7,51790.5
25071.9,49452

25071.9,49452
38314.7,51790.5

16489.1,37968.3
28956.6,43648.2

28956.6,43648.2
16489.1,37968.3

16489.1,37968.3
6157.41,34214

6157.41,34214
16489.1,37968.3

16489.1,37968.3
15561.4,35713.1

15561.4,35713.1
16489.1,37968.3

16489.1,37968.3
19568.5,47748.9

19568.5,47748.9
16489.1,37968.3

16489.1,37968.3
17364.6,40499.6

17364.6,40499.6
16489.1,37968.3

16489.1,37968.3
19031.6,24825.5

19031.6,24825.5
16489.1,37968.3

16489.1,37968.3
25037.4,38492.6

25037.4,38492.6
16489.1,37968.3

16489.1,37968.3
28402.8,29583

28402.8,29583
16489.1,37968.3

16489.1,37968.3
17215,30142.3

17215,30142.3
16489.1,37968.3

16489.1,37968.3
14804.8,25870.9

14804.8,25870.9
16489.1,37968.3

16489.1,37968.3
24939.9,47792.3

24939.9,47792.3
16489.1,37968.3

16489.1,37968.3
27846.9,33212.6

27846.9,33212.6
16489.1,37968.3

16489.1,37968.3
23861.4,29984.9

23861.4,29984.9
16489.1,37968.3

16489.1,37968.3
24579.2,34777.9

24579.2,34777.9
16489.1,37968.3

16489.1,37968.3
19231.2,26527.2

19231.2,26527.2
16489.1,37968.3

16489.1,37968.3
25071.9,49452

25071.9,49452
16489.1,37968.3

49690.8,73041.3
62961.6,71991.6

62961.6,71991.6
49690.8,73041.3

49690.8,73041.3
57738.5,66111.4

57738.5,66111.4
49690.8,73041.3

49690.8,73041.3
35167.8,69471.4

35167.8,69471.4
49690.8,73041.3

49690.8,73041.3
49177.2,84317.4

49177.2,84317.4
49690.8,73041.3

49690.8,73041.3
45867.7,84436.4

45867.7,84436.4
49690.8,73041.3

49690.8,73041.3
45517.2,69759.2

45517.2,69759.2
49690.8,73041.3

49690.8,73041.3
50867,80010.9

50867,80010.9
49690.8,73041.3

49690.8,73041.3
47728.8,74994.6

47728.8,74994.6
49690.8,73041.3

49690.8,73041.3
49383.6,80060.9

49383.6,80060.9
49690.8,73041.3

49690.8,73041.3
48698.5,77708.3

48698.5,77708.3
49690.8,73041.3

49690.8,73041.3
54335.1,86400.1

54335.1,86400.1
49690.8,73041.3

49690.8,73041.3
56934.5,68660.6

56934.5,68660.6
49690.8,73041.3

49690.8,73041.3
38832.6,73000.6

38832.6,73000.6
49690.8,73041.3

49690.8,73041.3
43984.9,63679.2

43984.9,63679.2
49690.8,73041.3

72447,7682.07
84118.3,11633.2

84118.3,11633.2
72447,7682.07

72447,7682.07
84371.5,15562.2

84371.5,15562.2
72447,7682.07

72447,7682.07
62547.2,6455.04

62547.2,6455.04
72447,7682.07

72447,7682.07
64801,5411.39

64801,5411.39
72447,7682.07

72447,7682.07
71788.5,16679.9

71788.5,16679.9
72447,7682.07

72447,7682.07
70659.6,15326.1

70659.6,15326.1
72447,7682.07

72447,7682.07
64772.6,3783.64

64772.6,3783.64
72447,7682.07

72447,7682.07
68924.9,3727.22

68924.9,3727.22
72447,7682.07

72447,7682.07
62463.3,2732.79

62463.3,2732.79
72447,7682.07

72447,7682.07
83094.3,12606.2

83094.3,12606.2
72447,7682.07

72447,7682.07
65199.2,13107.4

65199.2,13107.4
72447,7682.07

16392.9,99317.7
25221.3,94003

25221.3,94003
16392.9,99317.7

16392.9,99317.7
20422.4,98314.1

20422.4,98314.1
16392.9,99317.7

16392.9,99317.7
15962.9,91351.7

15962.9,91351.7
16392.9,99317.7

16392.9,99317.7
10129,95341.1

10129,95341.1
16392.9,99317.7

16392.9,99317.7
8850.16,88273.4

8850.16,88273.4
16392.9,99317.7

16392.9,99317.7
9471.62,87450.4

9471.62,87450.4
16392.9,99317.7

16392.9,99317.7
10146,93713.1

10146,93713.1
16392.9,99317.7

26791.8,58490.6
41704.2,57905.4

41704.2,57905.4
26791.8,58490.6

26791.8,58490.6
35167.8,69471.4

35167.8,69471.4
26791.8,58490.6

26791.8,58490.6
37246.1,56207.6

37246.1,56207.6
26791.8,58490.6

26791.8,58490.6
31249.9,51526.3

31249.9,51526.3
26791.8,58490.6

26791.8,58490.6
16945.2,56054.1

16945.2,56054.1
26791.8,58490.6

26791.8,58490.6
28956.6,43648.2

28956.6,43648.2
26791.8,58490.6

26791.8,58490.6
19568.5,47748.9

19568.5,47748.9
26791.8,58490.6

26791.8,58490.6
32724.4,47723.8

32724.4,47723.8
26791.8,58490.6

26791.8,58490.6
23547,55743

23547,55743
26791.8,58490.6

26791.8,58490.6
24939.9,47792.3

24939.9,47792.3
26791.8,58490.6

26791.8,58490.6
34304.9,56864.4

34304.9,56864.4
26791.8,58490.6

26791.8,58490.6
17222.6,55212.3

17222.6,55212.3
26791.8,58490.6

26791.8,58490.6
33731.8,60291.6

33731.8,60291.6
26791.8,58490.6

26791.8,58490.6
34315.8,55218.9

34315.8,55218.9
26791.8,58490.6

26791.8,58490.6
13409.6,61839.3

13409.6,61839.3
26791.8,58490.6

26791.8,58490.6
25071.9,49452

25071.9,49452
26791.8,58490.6

26791.8,58490.6
38314.7,51790.5

38314.7,51790.5
26791.8,58490.6

8451.35,4237.25
13289.7,9842.38

13289.7,9842.38
8451.35,4237.25

8451.35,4237.25
22624.1,5028.63

22624.1,5028.63
8451.35,4237.25

8451.35,4237.25
2904.47,472.204

2904.47,472.204
8451.35,4237.25

8451.35,4237.25
9415.19,7046.33

9415.19,7046.33
8451.35,4237.25

8451.35,4237.25
18450.5,6013.82

18450.5,6013.82
8451.35,4237.25

8451.35,4237.25
21036.8,2747.51

21036.8,2747.51
8451.35,4237.25

89074.2,90964.7
82801.7,77648.9

82801.7,77648.9
89074.2,90964.7

89074.2,90964.7
99256,98260.5

99256,98260.5
89074.2,90964.7

89074.2,90964.7
98081.1,90272.9

98081.1,90272.9
89074.2,90964.7

89074.2,90964.7
95268.2,80953.7

95268.2,80953.7
89074.2,90964.7

89074.2,90964.7
77169.8,96862

77169.8,96862
89074.2,90964.7

89074.2,90964.7
94267.5,84730.5

94267.5,84730.5
89074.2,90964.7

89074.2,90964.7
96847.4,99742.2

96847.4,99742.2
89074.2,90964.7

66668.9,89823.7
53965.9,90212.8

53965.9,90212.8
66668.9,89823.7

66668.9,89823.7
72780,87225.8

72780,87225.8
66668.9,89823.7

66668.9,89823.7
65558.3,97889.3

65558.3,97889.3
66668.9,89823.7

66668.9,89823.7
64842.7,97967.7

64842.7,97967.7
66668.9,89823.7

66668.9,89823.7
74338.9,99475.6

74338.9,99475.6
66668.9,89823.7

66668.9,89823.7
77169.8,96862

77169.8,96862
66668.9,89823.7

66668.9,89823.7
54335.1,86400.1

54335.1,86400.1
66668.9,89823.7

66668.9,89823.7
62839.2,94242.5

62839.2,94242.5
66668.9,89823.7

66668.9,89823.7
72560.8,91624.5

72560.8,91624.5
66668.9,89823.7

66668.9,89823.7
55423,91401.3

55423,91401.3
66668.9,89823.7

85070.4,97927.1
74338.9,99475.6

74338.9,99475.6
85070.4,97927.1

85070.4,97927.1
99256,98260.5

99256,98260.5
85070.4,97927.1

85070.4,97927.1
77169.8,96862

77169.8,96862
85070.4,97927.1

85070.4,97927.1
96847.4,99742.2

96847.4,99742.2
85070.4,97927.1

85070.4,97927.1
72560.8,91624.5

72560.8,91624.5
85070.4,97927.1

85070.4,97927.1
89074.2,90964.7

89074.2,90964.7
85070.4,97927.1

7426.09,90586.2
15962.9,91351.7

15962.9,91351.7
7426.09,90586.2

7426.09,90586.2
10129,95341.1

10129,95341.1
7426.09,90586.2

7426.09,90586.2
8850.16,88273.4

8850.16,88273.4
7426.09,90586.2

7426.09,90586.2
6807.02,80847.2

6807.02,80847.2
7426.09,90586.2

7426.09,90586.2
9471.62,87450.4

9471.62,87450.4
7426.09,90586.2

7426.09,90586.2
908.325,96563.3

908.325,96563.3
7426.09,90586.2

7426.09,90586.2
10146,93713.1

10146,93713.1
7426.09,90586.2

7426.09,90586.2
16392.9,99317.7

16392.9,99317.7
7426.09,90586.2

55839,26027.7
42536,31263.4

42536,31263.4
55839,26027.7

55839,26027.7
54043,32362.2

54043,32362.2
55839,26027.7

55839,26027.7
55331.2,33865

55331.2,33865
55839,26027.7

55839,26027.7
49590.6,39326.1

49590.6,39326.1
55839,26027.7

55839,26027.7
65888.6,22684.4

65888.6,22684.4
55839,26027.7

55839,26027.7
41429.3,28026.5

41429.3,28026.5
55839,26027.7

55839,26027.7
57243.1,13420.5

57243.1,13420.5
55839,26027.7

55839,26027.7
66509.4,22481.8

66509.4,22481.8
55839,26027.7

55839,26027.7
54290,19360.7

54290,19360.7
55839,26027.7

55839,26027.7
67009.6,25589.9

67009.6,25589.9
55839,26027.7

55839,26027.7
47394,28403.1

47394,28403.1
55839,26027.7

7657.66,33450.8
6157.41,34214

6157.41,34214
7657.66,33450.8

7657.66,33450.8
15561.4,35713.1

15561.4,35713.1
7657.66,33450.8

7657.66,33450.8
5015.95,27418.5

5015.95,27418.5
7657.66,33450.8

7657.66,33450.8
17364.6,40499.6

17364.6,40499.6
7657.66,33450.8

7657.66,33450.8
19031.6,24825.5

19031.6,24825.5
7657.66,33450.8

7657.66,33450.8
17215,30142.3

17215,30142.3
7657.66,33450.8

7657.66,33450.8
14804.8,25870.9

14804.8,25870.9
7657.66,33450.8

7657.66,33450.8
19231.2,26527.2

19231.2,26527.2
7657.66,33450.8

7657.66,33450.8
16489.1,37968.3

16489.1,37968.3
7657.66,33450.8

44869.5,60246.8
41704.2,57905.4

41704.2,57905.4
44869.5,60246.8

44869.5,60246.8
57738.5,66111.4

57738.5,66111.4
44869.5,60246.8

44869.5,60246.8
44933.4,51198.4

44933.4,51198.4
44869.5,60246.8

44869.5,60246.8
35167.8,69471.4

35167.8,69471.4
44869.5,60246.8

44869.5,60246.8
37246.1,56207.6

37246.1,56207.6
44869.5,60246.8

44869.5,60246.8
45226.3,52240.9

45226.3,52240.9
44869.5,60246.8

44869.5,60246.8
48016.8,49760

48016.8,49760
44869.5,60246.8

44869.5,60246.8
45517.2,69759.2

45517.2,69759.2
44869.5,60246.8

44869.5,60246.8
53420.4,53919.9

53420.4,53919.9
44869.5,60246.8

44869.5,60246.8
34304.9,56864.4

34304.9,56864.4
44869.5,60246.8

44869.5,60246.8
56934.5,68660.6

56934.5,68660.6
44869.5,60246.8

44869.5,60246.8
52701.8,50984.8

52701.8,50984.8
44869.5,60246.8

44869.5,60246.8
38832.6,73000.6

38832.6,73000.6
44869.5,60246.8

44869.5,60246.8
33731.8,60291.6

33731.8,60291.6
44869.5,60246.8

44869.5,60246.8
34315.8,55218.9

34315.8,55218.9
44869.5,60246.8

44869.5,60246.8
43984.9,63679.2

43984.9,63679.2
44869.5,60246.8

44869.5,60246.8
38314.7,51790.5

38314.7,51790.5
44869.5,60246.8

44869.5,60246.8
49690.8,73041.3

49690.8,73041.3
44869.5,60246.8

37614.3,62614.5
41704.2,57905.4

41704.2,57905.4
37614.3,62614.5

37614.3,62614.5
44933.4,51198.4

44933.4,51198.4
37614.3,62614.5

37614.3,62614.5
35167.8,69471.4

35167.8,69471.4
37614.3,62614.5

37614.3,62614.5
37246.1,56207.6

37246.1,56207.6
37614.3,62614.5

37614.3,62614.5
45226.3,52240.9

45226.3,52240.9
37614.3,62614.5

37614.3,62614.5
31249.9,51526.3

31249.9,51526.3
37614.3,62614.5

37614.3,62614.5
45517.2,69759.2

45517.2,69759.2
37614.3,62614.5

37614.3,62614.5
34304.9,56864.4

34304.9,56864.4
37614.3,62614.5

37614.3,62614.5
38832.6,73000.6

38832.6,73000.6
37614.3,62614.5

37614.3,62614.5
33731.8,60291.6

33731.8,60291.6
37614.3,62614.5

37614.3,62614.5
34315.8,55218.9

34315.8,55218.9
37614.3,62614.5

37614.3,62614.5
43984.9,63679.2

43984.9,63679.2
37614.3,62614.5

37614.3,62614.5
38314.7,51790.5

38314.7,51790.5
37614.3,62614.5

37614.3,62614.5
26791.8,58490.6

26791.8,58490.6
37614.3,62614.5

37614.3,62614.5
44869.5,60246.8

44869.5,60246.8
37614.3,62614.5

11311.6,90644.5
25221.3,94003

25221.3,94003
11311.6,90644.5

11311.6,90644.5
20422.4,98314.1

20422.4,98314.1
11311.6,90644.5

11311.6,90644.5
15962.9,91351.7

15962.9,91351.7
11311.6,90644.5

11311.6,90644.5
18924.1,78420.4

18924.1,78420.4
11311.6,90644.5

11311.6,90644.5
10129,95341.1

10129,95341.1
11311.6,90644.5

11311.6,90644.5
8850.16,88273.4

8850.16,88273.4
11311.6,90644.5

11311.6,90644.5
20602.8,79084.5

20602.8,79084.5
11311.6,90644.5

11311.6,90644.5
6807.02,80847.2

6807.02,80847.2
11311.6,90644.5

11311.6,90644.5
9471.62,87450.4

9471.62,87450.4
11311.6,90644.5

11311.6,90644.5
908.325,96563.3

908.325,96563.3
11311.6,90644.5

11311.6,90644.5
10146,93713.1

10146,93713.1
11311.6,90644.5

11311.6,90644.5
16392.9,99317.7

16392.9,99317.7
11311.6,90644.5

11311.6,90644.5
7426.09,90586.2

7426.09,90586.2
11311.6,90644.5

67955.8,89239.1
53965.9,90212.8

53965.9,90212.8
67955.8,89239.1

67955.8,89239.1
72780,87225.8

72780,87225.8
67955.8,89239.1

67955.8,89239.1
65558.3,97889.3

65558.3,97889.3
67955.8,89239.1

67955.8,89239.1
64842.7,97967.7

64842.7,97967.7
67955.8,89239.1

67955.8,89239.1
74338.9,99475.6

74338.9,99475.6
67955.8,89239.1

67955.8,89239.1
77169.8,96862

77169.8,96862
67955.8,89239.1

67955.8,89239.1
54335.1,86400.1

54335.1,86400.1
67955.8,89239.1

67955.8,89239.1
62839.2,94242.5

62839.2,94242.5
67955.8,89239.1

67955.8,89239.1
72560.8,91624.5

72560.8,91624.5
67955.8,89239.1

67955.8,89239.1
55423,91401.3

55423,91401.3
67955.8,89239.1

67955.8,89239.1
66668.9,89823.7

66668.9,89823.7
67955.8,89239.1

33872.7,69834.4
41704.2,57905.4

41704.2,57905.4
33872.7,69834.4

33872.7,69834.4
35167.8,69471.4

35167.8,69471.4
33872.7,69834.4

33872.7,69834.4
37246.1,56207.6

37246.1,56207.6
33872.7,69834.4

33872.7,69834.4
32448.3,80856

32448.3,80856
33872.7,69834.4

33872.7,69834.4
45517.2,69759.2

45517.2,69759.2
33872.7,69834.4

33872.7,69834.4
36163.1,83262.4

36163.1,83262.4
33872.7,69834.4

33872.7,69834.4
47728.8,74994.6

47728.8,74994.6
33872.7,69834.4

33872.7,69834.4
34304.9,56864.4

34304.9,56864.4
33872.7,69834.4

33872.7,69834.4
38832.6,73000.6

38832.6,73000.6
33872.7,69834.4

33872.7,69834.4
26181.1,81976.5

26181.1,81976.5
33872.7,69834.4

33872.7,69834.4
33731.8,60291.6

33731.8,60291.6
33872.7,69834.4

33872.7,69834.4
34315.8,55218.9

34315.8,55218.9
33872.7,69834.4

33872.7,69834.4
43984.9,63679.2

43984.9,63679.2
33872.7,69834.4

33872.7,69834.4
26791.8,58490.6

26791.8,58490.6
33872.7,69834.4

33872.7,69834.4
44869.5,60246.8

44869.5,60246.8
33872.7,69834.4

33872.7,69834.4
37614.3,62614.5

37614.3,62614.5
33872.7,69834.4

21455.4,10599.6
24429.7,16400.9

24429.7,16400.9
21455.4,10599.6

21455.4,10599.6
13289.7,9842.38

13289.7,9842.38
21455.4,10599.6

21455.4,10599.6
19563.7,21617.2

19563.7,21617.2
21455.4,10599.6

21455.4,10599.6
24073.6,22269.5

24073.6,22269.5
21455.4,10599.6

21455.4,10599.6
29256.3,11490.2

29256.3,11490.2
21455.4,10599.6

21455.4,10599.6
19031.6,24825.5

19031.6,24825.5
21455.4,10599.6

21455.4,10599.6
22624.1,5028.63

22624.1,5028.63
21455.4,10599.6

21455.4,10599.6
9415.19,7046.33

9415.19,7046.33
21455.4,10599.6

21455.4,10599.6
18450.5,6013.82

18450.5,6013.82
21455.4,10599.6

21455.4,10599.6
27930.5,7818.41

27930.5,7818.41
21455.4,10599.6

21455.4,10599.6
21036.8,2747.51

21036.8,2747.51
21455.4,10599.6

21455.4,10599.6
20482.3,19301

20482.3,19301
21455.4,10599.6

21455.4,10599.6
26832.4,1973.3

26832.4,1973.3
21455.4,10599.6

21455.4,10599.6
13455,19546.5

13455,19546.5
21455.4,10599.6

21455.4,10599.6
8451.35,4237.25

8451.35,4237.25
21455.4,10599.6

85486.5,8598.83
84118.3,11633.2

84118.3,11633.2
85486.5,8598.83

85486.5,8598.83
93870.2,9434.99

93870.2,9434.99
85486.5,8598.83

85486.5,8598.83
84371.5,15562.2

84371.5,15562.2
85486.5,8598.83

85486.5,8598.83
87037.9,11238.2

87037.9,11238.2
85486.5,8598.83

85486.5,8598.83
83094.3,12606.2

83094.3,12606.2
85486.5,8598.83

85486.5,8598.83
96982.4,1534.75

96982.4,1534.75
85486.5,8598.83

85486.5,8598.83
72447,7682.07

72447,7682.07
85486.5,8598.83

